error(train): 0.3250000
error(test): 0.3100000