error(train): 0.4900000
error(test): 0.4020619