error(train): 0.190000
error(test): 0.287500
