epoch=1 crossentropy(train): 2.353457094224146
epoch=1 crossentropy(validation): 2.145563567791543
error(train): 1.0
error(validation): 1.0
