1.000000	-0.104434	0.149636	0.006019	-0.139432	-0.048471	0.072135	-0.010767	0.077391	0.066930	-1.472629	0.116159	-0.087679	-0.070744	0.129349	-0.075577	0.048131	-0.123529	0.009200	-0.082025	-0.023513	0.005282	0.254083	0.169345	0.126288	-0.168876	-0.009830	-0.005321	-0.045309	-0.025674	0.042894	0.016930	0.180282	-0.229951	0.068414	-0.904024	0.125736	0.033972	0.072497	-0.012232	-0.072381	0.018704	-0.140607	-0.047600	0.091736	0.043865	0.164093	0.166375	0.165292	-0.051144	0.076893	0.051251	-0.177375	0.036180	-0.097339	-0.104108	0.231742	-0.012618	0.196112	0.157202	0.015101	0.121193	-0.069744	0.166544	0.030962	-0.085323	-0.295604	0.108944	0.081010	-0.064082	-0.025228	0.048963	0.018889	0.016851	0.020045	-0.026356	-0.043460	0.090372	0.162918	-0.158409	-0.036921	-0.124691	-0.007938	0.149364	0.055793	0.162914	0.063339	-0.102874	0.104614	0.033860	0.085237	-0.121988	0.151826	-0.160306	-0.093550	0.023617	0.012935	-0.132773	-0.008329	-0.008594	-0.208643	0.043184	-0.016088	-0.054134	-0.089950	-0.040108	0.051717	0.087782	0.107500	-0.137413	0.067678	-0.015063	-0.178194	-0.059925	-0.188959	0.089363	0.054377	-0.040108	-0.020865	0.003195	-0.170751	-0.077456	-0.088020	0.083787	0.142943	-0.024959	-0.034143	0.066782	0.197007	0.042353	0.061432	0.062464	0.075602	0.103720	-0.068238	-0.122987	0.033657	-0.031606	-0.040944	0.008760	0.212025	-0.138589	0.087393	0.031440	0.157569	-0.233180	-0.036600	0.084872	-0.017536	-0.186211	0.040111	0.179996	-0.049846	0.073974	0.007980	0.246077	-0.009085	-0.138330	0.008187	0.076470	-0.113395	0.082104	-0.141910	-0.022715	-0.066157	-0.024037	0.071083	-0.017989	0.046153	0.151979	0.105689	0.074885	0.000074	-0.529155	0.038494	-0.023939	0.046470	-0.070224	0.063718	-0.009041	0.264068	0.106469	0.085318	0.126280	0.025011	0.043441	0.008613	-0.134222	0.075984	0.029551	0.078216	-0.068261	0.018434	-0.016221	-0.087828	0.032395	-0.087848	-0.073990	0.045436	0.011434	-0.075555	0.850859	-0.080141	0.056445	0.048256	0.103337	0.034661	0.071180	0.165562	-0.002217	-0.140193	-0.087947	0.040745	0.045623	-0.024514	0.077343	0.042529	0.063374	0.025045	0.047456	0.039666	0.215184	-0.079896	-0.194664	0.037383	-0.086729	0.001335	0.118716	0.019850	-0.005343	-0.042609	-0.056933	0.001465	0.003573	-0.156979	0.088211	0.110167	0.072630	-0.021852	-0.143220	0.118466	-0.055692	0.142473	0.255092	0.133643	-0.531206	-0.074479	0.112992	0.051558	-0.016900	0.023827	0.160105	-0.221903	-0.028998	-0.017846	0.316427	0.029294	-0.020738	-0.148843	0.079015	0.083456	-0.022885	-0.129934	0.087177	0.007096	-0.102303	0.010773	-0.093308	-0.065301	0.204594	0.048129	0.001483	-0.078695	0.091329	0.102641	0.076720	0.061202	-1.862226	0.009360	0.309308	0.020809	-0.189321	0.024264	0.036715	0.011675	-0.026437	0.117849	0.003068	0.139785	-0.008932	-0.086627	-0.011148	-0.162387	-0.030139	0.044695	0.111095	0.054173	0.012767	-0.195902	-0.134899	-0.031337
0.000000	-0.147951	0.125840	-0.129534	-0.107371	-0.063016	0.084104	-0.060227	0.014300	0.139330	-1.493224	0.050575	-0.109119	-0.108962	0.065913	0.032185	0.146339	-0.147087	-0.006203	-0.021797	-0.096527	0.004466	0.225830	0.177513	0.050779	-0.237662	-0.047879	0.010599	-0.000255	-0.060064	0.038268	-0.040643	0.142553	-0.108542	0.076284	-0.949232	0.045553	0.003703	0.115380	-0.081145	-0.011635	-0.005972	-0.119915	-0.051683	0.101993	0.082336	0.122881	0.197083	0.055865	-0.140111	0.083189	0.030920	-0.157578	0.000763	-0.043554	-0.086936	0.225220	0.000524	0.272648	0.090309	0.015725	0.085297	-0.041880	0.212678	0.009670	-0.101321	-0.317313	0.064651	0.036934	-0.022664	-0.031952	0.106454	0.004854	-0.020543	0.105039	0.031006	-0.049719	0.095437	0.115482	-0.160598	-0.075659	-0.112964	-0.051385	0.200529	0.002468	0.099671	0.021598	-0.169527	0.154777	0.050297	0.048078	-0.178808	0.155537	-0.199194	-0.172140	-0.035528	0.015463	-0.241796	-0.027121	-0.016844	-0.242260	0.016729	-0.017762	-0.063496	-0.030724	-0.035611	-0.019228	0.122181	0.092097	-0.198327	0.127348	-0.012201	-0.149701	-0.136915	-0.224401	0.061443	0.087734	-0.115983	0.019836	0.055373	-0.223273	-0.073944	-0.062955	0.089090	0.086324	-0.073387	-0.036189	0.081124	0.145218	0.043428	0.019931	0.078885	0.104563	0.085596	-0.031067	-0.061140	0.022193	0.009902	-0.008723	-0.021603	0.143126	-0.068114	0.053249	0.050702	0.096824	-0.359961	-0.070900	0.006197	0.008826	-0.094929	0.054377	0.126453	0.017154	0.135351	-0.019120	0.234741	0.005453	-0.104449	-0.104126	0.085723	-0.133074	0.131419	-0.168796	-0.034574	-0.041520	0.033075	0.104083	0.004212	0.114598	0.093962	0.088419	0.045017	0.011344	-0.426087	0.020404	-0.005748	-0.003599	-0.088596	0.107384	0.015425	0.274169	0.077849	0.118964	0.145389	0.043510	-0.015335	-0.035793	-0.120060	0.138774	0.145926	0.096977	-0.060198	0.151420	0.037911	-0.066910	0.023050	-0.162864	-0.034262	0.038886	0.058417	-0.077053	0.891113	-0.041714	0.016907	0.073556	0.044406	0.035736	-0.027331	0.112072	-0.044961	-0.145215	-0.103535	-0.046087	0.134105	0.092085	-0.003660	0.076004	0.046565	0.087467	-0.032717	0.071793	0.250198	-0.003544	-0.167889	0.076314	-0.061113	0.009704	0.148343	0.008839	0.017230	-0.101125	-0.042408	0.008062	0.012952	-0.175225	0.071639	0.146355	0.045540	0.033887	-0.074573	0.043314	-0.063292	0.045594	0.228954	0.071641	-0.514006	-0.108696	0.163681	-0.001626	-0.040911	-0.020260	0.091395	-0.167865	0.004515	-0.004385	0.349899	0.059910	-0.081426	-0.100717	0.089221	0.043793	0.033197	-0.117773	0.091449	0.026170	-0.040183	-0.035968	-0.074742	-0.054103	0.123421	0.017062	0.020343	-0.120594	0.107504	0.107452	0.041414	0.002398	-1.909885	-0.019011	0.335178	0.025843	-0.210115	0.028544	0.043588	0.047553	-0.076872	0.135335	-0.009285	0.086003	-0.022000	-0.040677	-0.022778	-0.183251	0.025595	0.045708	0.114239	0.049839	0.034867	-0.224799	-0.122173	0.046123
0.000000	-0.109352	0.141338	-0.045574	-0.114749	-0.054577	-0.008298	0.022736	0.024023	0.079794	-1.533034	0.082468	-0.069502	-0.102409	0.103224	0.033655	0.127368	-0.167770	-0.006316	0.003237	-0.054469	0.048130	0.191020	0.199757	0.063085	-0.240450	-0.043621	0.009350	-0.102812	-0.040576	-0.028231	-0.081093	0.241970	-0.246915	-0.011200	-0.926619	0.158076	-0.050033	0.008327	-0.077608	0.037719	0.018664	-0.176235	-0.047102	0.080816	0.081374	0.041545	0.179385	0.089824	-0.102252	0.118457	0.113400	-0.094827	0.027003	-0.102925	-0.129827	0.180342	-0.040111	0.158261	0.152878	-0.048839	0.160965	-0.011633	0.177270	0.077282	-0.110090	-0.308466	0.089321	0.005632	0.046357	-0.032129	0.110972	0.005985	0.056327	0.130025	-0.054673	0.047920	0.172697	0.169670	-0.205994	-0.091839	-0.104021	-0.018913	0.176860	0.031126	0.122296	0.038848	-0.197319	0.226143	0.021078	0.046479	-0.180270	0.212987	-0.231649	-0.146826	-0.048464	0.058765	-0.231798	0.033002	-0.039956	-0.237228	0.008571	-0.062492	-0.072428	-0.117250	-0.075826	0.036105	0.095889	0.072923	-0.147725	0.083682	0.028245	-0.079412	-0.080934	-0.246217	0.113596	0.156545	-0.140357	0.019197	0.094186	-0.192904	-0.050142	-0.115187	0.134571	0.145603	-0.007301	-0.106291	0.100105	0.156675	0.071147	0.100457	0.086196	0.140888	0.097227	0.057147	-0.057557	0.018515	0.014763	-0.019165	-0.035353	0.187024	-0.038550	0.161036	0.065834	0.099960	-0.378200	-0.093919	-0.032440	-0.035375	-0.043615	-0.010519	0.022443	-0.018951	0.052637	-0.046092	0.165201	0.007326	-0.075564	-0.091848	0.035771	-0.082911	0.129195	-0.159337	-0.019034	-0.059077	-0.003223	0.109024	-0.040641	0.175252	0.050877	0.015084	0.036486	-0.017990	-0.512373	-0.037404	-0.010892	-0.053172	-0.058069	0.095194	0.072711	0.189593	0.112261	0.061520	0.110824	-0.031512	-0.083434	-0.091946	-0.054993	0.154466	0.090627	0.084142	-0.041588	0.198880	0.041109	-0.057666	0.024983	-0.118556	-0.004213	0.018816	0.092016	-0.096724	0.920920	-0.080866	0.036985	0.107063	0.074631	0.046366	0.064694	0.099365	-0.057587	-0.196768	-0.067246	-0.058417	0.086993	0.073031	-0.040105	0.082823	0.058249	0.043622	-0.066019	0.040751	0.244801	-0.042611	-0.180001	0.040231	0.034744	-0.012969	0.133897	0.070702	-0.016323	-0.066143	0.010047	-0.012259	-0.018863	-0.120882	0.088941	0.137316	0.047204	0.032988	-0.091148	0.017107	-0.028448	0.020712	0.274773	0.115328	-0.522103	-0.047790	0.204027	-0.017827	-0.075368	-0.163681	0.089410	-0.101233	-0.125861	-0.001511	0.338545	0.086914	-0.071228	-0.094605	0.093974	0.018677	-0.042569	-0.184230	0.015982	0.028480	-0.025917	-0.030277	-0.092198	-0.015848	0.078638	0.110689	-0.012011	-0.069556	0.049940	0.158900	-0.001298	0.085625	-1.905533	-0.058519	0.243162	-0.039580	-0.166042	0.024651	0.011821	0.010977	-0.098910	0.159332	0.064426	0.061394	-0.005992	-0.000603	-0.025908	-0.226279	0.035192	0.012723	0.158925	-0.027772	0.050872	-0.246377	-0.124810	0.055830
0.000000	-0.091318	0.114860	-0.080924	-0.118576	-0.075201	0.026937	-0.050694	0.061431	0.100455	-1.492116	0.061936	-0.078319	-0.023005	0.146011	-0.003779	0.080549	-0.142328	-0.003123	-0.020643	-0.013576	0.011101	0.239168	0.159794	0.059177	-0.215673	-0.060776	0.058383	-0.054791	-0.072449	-0.031022	-0.020658	0.242073	-0.153903	0.012419	-0.915974	0.122615	-0.006596	0.071865	-0.075681	0.021034	0.038873	-0.187282	-0.004698	0.056022	0.122002	0.122169	0.235944	0.143007	-0.065825	0.045600	0.108025	-0.145657	0.023317	-0.109124	-0.135908	0.183842	-0.012723	0.195152	0.135048	-0.007492	0.162012	-0.029878	0.184397	0.078979	-0.078306	-0.300782	0.073208	0.051887	0.042785	0.003020	0.089943	-0.002200	-0.039761	0.110191	-0.018397	-0.055686	0.073355	0.128140	-0.160078	-0.090815	-0.153423	-0.012526	0.214754	-0.061437	0.030196	0.091690	-0.139706	0.229917	0.026650	0.097206	-0.157612	0.180791	-0.192487	-0.196181	-0.011178	0.016971	-0.211012	-0.002399	0.006470	-0.234073	0.024494	-0.018295	-0.089285	-0.076936	-0.037696	-0.023825	0.119947	0.093664	-0.121683	0.146574	-0.025352	-0.180075	-0.103137	-0.325348	0.097252	0.092925	-0.122885	0.008890	0.042989	-0.187846	-0.064670	-0.134099	0.125992	0.110178	-0.039824	-0.065477	0.118712	0.200220	0.070495	0.064220	0.130843	0.121377	0.140434	0.026300	-0.037652	0.009749	-0.001064	-0.037348	-0.047900	0.190310	-0.015875	0.097363	-0.007006	0.137739	-0.349490	-0.052248	-0.007886	0.025764	-0.121589	0.032002	0.031682	-0.001900	0.085830	-0.040142	0.234418	0.000708	-0.046209	-0.036885	0.071039	-0.085076	0.099967	-0.151627	0.005323	-0.090820	0.025711	0.084546	0.002066	0.102568	0.058508	0.046836	-0.001012	0.027504	-0.488803	0.025936	-0.048292	0.035629	-0.066448	0.070631	-0.009275	0.185273	0.111603	0.100759	0.159528	0.005687	-0.049199	-0.070877	-0.067683	0.116836	0.104015	0.107466	-0.061398	0.194817	0.041870	-0.033665	0.028266	-0.136033	-0.102049	-0.044488	0.061450	-0.088076	0.995534	-0.059218	0.131440	0.087753	0.035887	0.053299	0.040134	0.087773	-0.031313	-0.128634	-0.124948	0.019440	0.075274	0.027277	-0.003240	0.065224	0.108343	0.037517	0.038331	0.036758	0.217819	-0.076021	-0.177056	0.049195	-0.045684	-0.028095	0.120483	0.009552	0.002346	-0.016742	-0.029233	0.038007	-0.017562	-0.193012	0.078260	0.110952	0.091817	0.061456	-0.125450	0.065725	-0.041007	0.060476	0.244449	0.075703	-0.532823	-0.078078	0.149711	0.011652	-0.072515	-0.083783	0.157699	-0.134085	0.000124	0.084158	0.365237	0.077460	-0.023508	-0.087547	0.047564	0.049198	0.008477	-0.143700	0.002776	0.035389	-0.040305	-0.016512	-0.104462	-0.057745	0.148746	0.100358	-0.036405	-0.160325	0.109466	0.163067	0.021590	0.041126	-1.846921	0.014985	0.306684	0.055247	-0.219545	0.049125	0.015687	-0.006110	-0.075932	0.126186	0.032115	0.086387	0.018717	-0.080992	-0.004948	-0.218515	0.014978	0.014067	0.119182	-0.028934	0.053067	-0.172404	-0.062662	0.094147
0.000000	-0.079465	0.137967	-0.030033	-0.067101	-0.046458	0.023011	-0.056485	0.024028	0.080492	-1.307653	0.037385	-0.018172	-0.103575	0.134531	0.023572	0.124613	-0.098930	0.007825	-0.001293	-0.021337	0.027765	0.215245	0.124725	0.017497	-0.219228	-0.071862	0.037999	-0.077445	-0.037292	0.027382	-0.073150	0.188083	-0.179735	0.051909	-0.794062	0.151203	-0.073990	0.045134	-0.047577	0.040409	0.012281	-0.104240	-0.018748	0.037904	0.101846	0.137230	0.187825	0.094589	-0.115913	0.064860	0.043858	-0.113294	0.069226	-0.072020	-0.081779	0.131617	-0.020450	0.130297	0.126864	-0.003500	0.136019	-0.021463	0.157156	0.044440	-0.053146	-0.286740	0.085287	0.042834	0.006010	-0.027762	0.059690	0.045328	0.015352	0.079890	-0.026051	0.015997	0.111066	0.119175	-0.158492	-0.079409	-0.136874	-0.019843	0.152373	0.048861	0.078863	0.013208	-0.089145	0.134294	0.003009	0.094780	-0.092132	0.124966	-0.157039	-0.103356	-0.023280	0.013972	-0.193752	0.004783	-0.040166	-0.205592	0.015553	0.025213	-0.025016	-0.077516	-0.083012	-0.000852	0.081549	0.097775	-0.194279	0.082425	-0.071925	-0.082987	-0.098015	-0.192983	0.064993	0.125192	-0.121905	0.067019	0.049499	-0.180143	-0.083248	-0.149256	0.066281	0.123514	-0.063190	-0.050309	0.037945	0.119653	0.049678	0.038877	0.075690	0.158573	0.034473	0.029840	-0.056974	-0.022205	0.052758	-0.007488	0.007398	0.145374	-0.047718	0.101539	0.025863	0.119479	-0.308689	-0.022062	-0.002935	-0.002099	-0.074986	-0.013450	0.035187	-0.015029	0.046572	-0.029423	0.163119	-0.015674	-0.067755	-0.066377	0.113124	-0.032890	0.081011	-0.149807	-0.034238	-0.050725	0.038606	0.095951	-0.024730	0.108765	0.142817	0.052740	0.041518	-0.000509	-0.389812	0.009638	-0.031499	-0.037241	-0.046350	0.071285	0.051874	0.143194	0.113307	0.086664	0.149059	-0.029609	-0.002360	-0.087586	0.013363	0.081927	0.097337	0.060899	0.004700	0.136207	0.036885	-0.122967	0.034784	-0.141581	-0.121069	-0.016033	-0.001230	-0.046330	0.808047	-0.079965	0.066036	0.061940	0.066985	0.006542	-0.000068	0.014025	-0.065227	-0.103613	-0.075748	-0.039080	0.056728	0.029403	0.044051	0.081276	0.114875	-0.006797	0.015326	0.027999	0.193110	-0.046022	-0.181567	0.030603	-0.040719	0.008971	0.109531	0.005122	-0.026154	-0.070660	0.039300	0.007153	-0.070167	-0.125518	0.121702	0.079041	0.087561	0.069106	-0.107811	0.076306	0.011217	0.007645	0.193612	0.066273	-0.514731	-0.085075	0.152574	0.040217	-0.003642	-0.052461	0.067937	-0.119768	-0.019995	-0.005039	0.258995	0.075617	-0.099145	-0.105246	0.028756	0.055690	-0.014478	-0.113008	0.054061	0.023503	-0.034963	0.012245	-0.045139	-0.070505	0.086711	0.101753	-0.065582	-0.132903	0.039285	0.098833	0.025533	0.077241	-1.648114	-0.025054	0.129948	0.051748	-0.180754	0.021425	0.025375	-0.001418	-0.058266	0.160627	-0.014137	0.059147	-0.005657	-0.043236	-0.018406	-0.141273	-0.035012	0.034418	0.043788	-0.020201	0.064332	-0.211067	-0.093419	0.065112
0.000000	-0.145343	0.145283	-0.060322	-0.121512	-0.079851	0.036630	-0.088088	-0.027308	0.108401	-1.533776	0.083734	-0.039909	-0.084722	0.129965	0.042514	0.135755	-0.162080	0.004567	-0.036282	-0.022839	0.013193	0.242872	0.165737	-0.007814	-0.253438	-0.031283	0.041415	-0.094622	-0.055127	0.017398	0.058242	0.248566	-0.146130	0.081310	-0.952136	0.048239	-0.024651	0.013731	-0.075027	-0.002283	-0.000796	-0.161004	-0.124599	0.093246	0.100832	0.131563	0.228183	0.155098	-0.097835	0.102941	0.075816	-0.174456	0.028173	-0.088844	-0.134197	0.209860	0.019341	0.183985	0.127010	0.002310	0.149519	-0.004785	0.139926	0.063179	-0.101475	-0.385062	0.090388	0.075464	-0.004672	-0.074349	0.087527	-0.012120	-0.023905	0.111722	-0.041701	0.013550	0.120957	0.120010	-0.188588	-0.065077	-0.108864	-0.033570	0.202642	0.038530	0.068270	0.033674	-0.151942	0.175478	0.061690	0.092597	-0.139736	0.135866	-0.248462	-0.116846	-0.030529	0.036397	-0.260874	-0.015639	0.037963	-0.288443	0.065303	0.009536	-0.044812	-0.046952	-0.048332	-0.025452	0.198455	0.095054	-0.148367	0.127260	-0.097294	-0.178353	-0.083988	-0.223390	0.070818	0.158865	-0.145020	-0.002588	0.022508	-0.193619	-0.105975	-0.123333	0.104648	0.103470	-0.059855	-0.056373	0.084212	0.084519	0.063719	0.015899	0.101953	0.078486	0.148314	-0.026446	-0.061839	0.041385	0.018870	-0.027370	-0.016756	0.154108	-0.099164	0.081878	0.018322	0.215104	-0.374111	-0.045405	0.082298	0.036293	-0.125768	0.001022	0.118223	-0.022704	0.104391	0.020542	0.221368	0.043011	-0.051575	-0.021101	0.101388	-0.086552	0.109347	-0.193407	-0.004956	-0.081284	0.005714	0.120440	-0.031011	0.122683	0.084521	0.096684	-0.010184	0.029449	-0.444409	-0.027716	-0.066927	0.002459	-0.073082	0.121391	0.013011	0.275732	0.108229	0.126937	0.150372	-0.002353	-0.035741	-0.030247	-0.144364	0.111296	0.101904	0.117563	-0.050539	0.096277	0.068659	-0.116000	-0.002603	-0.137474	-0.077536	-0.007812	-0.011971	-0.071602	1.040540	-0.129539	0.070440	0.044067	0.075447	0.005323	-0.019658	0.074780	-0.070702	-0.157927	-0.111624	-0.021368	0.030996	0.018891	0.077180	0.105513	0.039681	0.042146	-0.003257	0.026702	0.283896	-0.063987	-0.158502	0.043298	0.013346	0.040950	0.142612	-0.014315	-0.041892	-0.058733	0.004563	0.009581	-0.029552	-0.168263	0.060888	0.137164	0.089415	0.088113	-0.088560	0.075221	-0.020716	0.052862	0.232198	0.094631	-0.459290	-0.060142	0.148756	0.025630	-0.041429	-0.032545	0.085826	-0.154805	0.009428	-0.004134	0.364323	0.049643	-0.047812	-0.102580	0.062320	0.051402	-0.025391	-0.155270	0.090718	0.030307	-0.090533	-0.006219	-0.057140	-0.080546	0.112496	0.077679	-0.068287	-0.090643	0.077526	0.110695	0.073362	0.014436	-1.962567	-0.006308	0.312637	0.080857	-0.224345	0.024423	0.030366	-0.043759	-0.071890	0.195655	-0.023318	0.089402	-0.021810	-0.053052	0.008569	-0.198841	-0.045014	0.005654	0.106281	0.037910	0.069680	-0.243366	-0.096325	0.093810
1.000000	-0.147296	0.165446	-0.047207	-0.158454	-0.052550	-0.030944	-0.009499	-0.004857	0.102137	-1.425585	0.035057	-0.055945	-0.114583	0.127899	-0.000763	0.110711	-0.158692	-0.009532	-0.059607	-0.023233	0.050889	0.237037	0.143291	0.084991	-0.280074	-0.083440	0.011218	-0.132810	-0.074613	0.005735	-0.066816	0.201239	-0.223275	0.045135	-0.868084	0.180183	-0.045188	0.002755	-0.081287	-0.011703	-0.036760	-0.168862	-0.019051	0.131509	0.090840	0.085558	0.190721	0.076839	-0.098299	0.093356	0.071878	-0.098629	0.073055	-0.050598	-0.133930	0.205682	-0.007225	0.160677	0.200681	0.031269	0.127978	-0.028438	0.143393	0.122046	-0.049111	-0.276048	0.051165	0.053839	0.012453	-0.086491	0.058985	0.024494	-0.022619	0.101378	-0.098314	0.000536	0.150992	0.065372	-0.194864	-0.064261	-0.154658	0.018747	0.174333	-0.007616	0.131978	0.040459	-0.117498	0.115010	0.018093	0.051771	-0.114464	0.091790	-0.180567	-0.171250	-0.014533	0.032276	-0.171763	-0.060758	-0.000779	-0.221443	0.015875	-0.022845	-0.044976	-0.064979	-0.072120	-0.016640	0.101328	0.135138	-0.163150	0.138735	-0.024539	-0.095713	-0.078310	-0.222882	0.076406	0.099536	-0.116070	0.067101	0.074945	-0.185613	-0.128332	-0.136906	0.098643	0.142945	-0.055060	-0.093774	0.124727	0.152134	0.078398	0.090583	0.108437	0.167540	0.057049	0.032759	-0.116798	0.019560	-0.031399	-0.011149	0.003670	0.142399	-0.034941	0.118260	0.032483	0.110117	-0.327944	-0.061094	-0.001866	0.014822	-0.079494	-0.002832	-0.023397	-0.014726	0.069270	-0.005757	0.146538	-0.015059	-0.084599	-0.088787	0.054639	-0.038411	0.091175	-0.181338	-0.017256	-0.069478	0.033181	0.088370	-0.014571	0.121912	0.118101	0.083659	0.036919	0.014135	-0.430597	-0.008054	-0.011619	0.012528	-0.049294	0.048009	0.050977	0.128562	0.082804	0.105379	0.116412	-0.054362	0.013454	-0.065621	-0.006861	0.092418	0.081330	0.082104	0.008682	0.195690	0.049763	-0.082650	-0.038890	-0.155853	-0.100262	0.012052	-0.028107	-0.043533	0.921638	-0.105300	0.094046	0.031593	0.053923	-0.009042	-0.044165	0.093646	-0.089621	-0.130856	-0.094041	-0.035961	0.048400	0.070405	-0.001044	0.068617	0.090081	-0.004553	0.008506	0.030884	0.210626	-0.026993	-0.178477	0.066669	-0.023695	0.036764	0.116151	0.037212	-0.035034	-0.029988	0.027986	0.008883	-0.034387	-0.114298	0.076857	0.080685	0.067196	0.000132	-0.139813	0.052435	-0.047761	0.011537	0.173359	0.069857	-0.546057	-0.058210	0.156035	0.036531	-0.051926	-0.089970	0.145716	-0.147193	-0.032910	-0.002580	0.256447	0.082774	-0.041229	-0.128536	0.066972	0.042689	-0.042107	-0.121540	0.056450	0.013901	-0.065653	0.014241	-0.048235	-0.066887	0.186650	0.139102	-0.068442	-0.136612	0.081814	0.070900	0.038585	0.056445	-1.720668	-0.006391	0.210386	0.052121	-0.196593	0.033010	0.031069	-0.089278	-0.024836	0.161587	0.011943	0.048486	-0.005589	0.014921	-0.039431	-0.123882	-0.020582	0.031294	0.115754	-0.016986	0.076919	-0.195983	-0.110185	0.107370
1.000000	-0.073495	0.145038	-0.042587	-0.123197	-0.113900	0.012330	-0.055610	0.040299	0.038813	-1.287383	0.016332	-0.080087	-0.117279	0.173704	-0.015206	0.068464	-0.072133	0.016892	-0.022826	0.015633	0.000338	0.186854	0.103870	0.035762	-0.185742	-0.088729	0.038291	-0.040678	-0.059956	-0.045444	-0.102149	0.218150	-0.199989	0.048539	-0.813533	0.153003	-0.063646	0.052136	-0.051213	-0.000054	0.021823	-0.170661	-0.043247	0.062413	0.123169	0.122847	0.205286	0.095529	-0.106573	0.081903	0.093430	-0.117544	0.065253	-0.072274	-0.120079	0.173633	-0.027478	0.164519	0.116301	0.003400	0.149397	-0.030740	0.170370	0.091418	-0.082051	-0.299383	0.069863	0.052428	0.000617	-0.049414	0.078443	0.044387	-0.013390	0.086578	-0.096460	0.011920	0.127980	0.115680	-0.192674	-0.092750	-0.140938	0.006478	0.206390	0.021624	0.109211	0.030661	-0.116394	0.180907	0.016644	0.077822	-0.125501	0.124575	-0.175288	-0.142206	-0.010258	0.041451	-0.171873	0.012163	-0.003462	-0.193809	0.053261	-0.011616	-0.028824	-0.106883	-0.113283	-0.019995	0.072522	0.113959	-0.176129	0.098723	0.036060	-0.016848	-0.097367	-0.218263	0.072486	0.117040	-0.127832	0.057495	0.068738	-0.199978	-0.048795	-0.136886	0.072979	0.126054	-0.064393	-0.076127	0.054746	0.129353	0.038652	0.124449	0.048598	0.158497	0.066483	0.040818	-0.046230	-0.015235	0.035146	-0.013263	-0.021669	0.168715	-0.015715	0.137500	0.015720	0.114348	-0.282441	-0.030033	-0.018307	-0.018856	-0.066186	-0.019423	-0.003585	0.010651	0.098003	0.034343	0.194772	-0.022401	-0.091328	-0.047348	0.123403	-0.062137	0.089889	-0.157299	-0.003821	-0.058876	-0.034578	0.143561	0.000668	0.108036	0.085555	0.023155	0.008549	0.030446	-0.462585	0.019738	-0.118204	-0.005243	-0.065754	0.039527	0.047866	0.141443	0.124263	0.090951	0.139706	-0.060204	-0.044937	-0.045483	0.012252	0.108877	0.111754	0.070153	-0.014101	0.170040	-0.014429	-0.100016	0.019714	-0.067505	-0.080485	-0.021848	0.009141	-0.063990	0.867173	-0.083095	0.139401	0.104516	0.069757	-0.011414	0.002064	0.110808	-0.053071	-0.125411	-0.106847	-0.027290	0.050406	0.060741	-0.020343	0.103899	0.143197	-0.065250	0.009585	-0.009488	0.223135	-0.046322	-0.184837	0.026393	-0.045138	-0.022187	0.099278	0.038643	-0.035041	-0.047090	0.022596	0.016416	-0.058711	-0.175197	0.133437	0.116512	0.061279	0.060200	-0.153347	0.048693	-0.034339	0.021077	0.215742	0.083679	-0.543886	-0.068184	0.169456	0.035326	-0.035851	-0.133994	0.098998	-0.102485	-0.005540	-0.012802	0.306427	0.099254	-0.016892	-0.079772	0.038337	0.103018	0.032184	-0.131734	0.062684	0.007487	-0.038714	0.000855	-0.074273	-0.087035	0.147174	0.128830	-0.116886	-0.131977	0.077638	0.130812	0.004380	0.056595	-1.679025	-0.002708	0.150353	0.033223	-0.201051	-0.001046	-0.011961	-0.029598	-0.065115	0.153765	0.042180	0.088308	0.032865	-0.007901	-0.048915	-0.191215	-0.002035	-0.012190	0.080885	-0.077496	0.085864	-0.190017	-0.097128	0.110349
1.000000	-0.086983	0.102714	-0.003258	-0.092177	-0.099093	-0.052799	-0.060344	0.029250	0.051181	-1.255424	0.091448	-0.087898	-0.138903	0.223011	0.001146	0.107006	-0.133435	0.026629	-0.027231	0.062475	0.011563	0.206973	0.074969	0.032980	-0.227948	-0.103368	-0.003962	-0.110024	-0.094295	-0.015445	-0.121903	0.229974	-0.194372	0.051569	-0.797496	0.149159	-0.031098	0.068395	-0.052351	0.009414	0.025188	-0.155933	-0.006679	0.037299	0.107490	0.093822	0.208600	0.127131	-0.100541	0.078077	0.033613	-0.107053	0.093510	-0.065700	-0.164411	0.125424	-0.016422	0.171606	0.191966	-0.063069	0.147522	-0.028673	0.111781	0.050863	-0.122009	-0.306199	0.029109	0.030021	-0.020817	-0.069432	0.069909	0.058379	-0.030358	0.109520	-0.097045	-0.000226	0.194377	0.100524	-0.190148	-0.020938	-0.139998	0.021092	0.183310	-0.015118	0.135102	-0.015053	-0.134568	0.194072	-0.007799	0.001730	-0.104236	0.099010	-0.180539	-0.114763	-0.057841	0.055691	-0.115272	-0.001852	-0.016705	-0.113685	0.033302	-0.026311	-0.002306	-0.096216	-0.090386	-0.025907	0.047698	0.103533	-0.211189	0.058705	0.053702	-0.049433	-0.072326	-0.211489	0.099976	0.070618	-0.180795	0.088897	0.084149	-0.186107	-0.091947	-0.145285	0.092831	0.097457	-0.085221	-0.080681	0.027340	0.167501	-0.012023	0.132618	0.041023	0.193764	0.009255	0.066083	-0.052738	-0.002178	-0.020066	-0.025548	-0.035417	0.133237	0.027267	0.182755	0.017777	0.090782	-0.277032	-0.027148	0.001892	-0.032313	-0.053770	-0.056253	-0.003395	0.034696	0.092809	0.020929	0.126543	-0.044970	-0.058176	-0.075344	0.094759	-0.082956	0.104410	-0.164523	-0.023521	-0.036225	-0.029328	0.117158	0.005442	0.119808	0.077540	-0.014322	0.058869	0.008758	-0.439614	0.037005	-0.020264	-0.021620	-0.053223	0.010067	0.060731	0.162011	0.112140	0.122184	0.193266	-0.101520	-0.031039	-0.112671	-0.016834	0.129666	0.076654	0.059819	-0.028734	0.213867	-0.028368	-0.081035	0.006567	-0.120433	-0.076419	-0.010682	-0.000149	-0.042335	0.820105	-0.096508	0.117207	0.091561	0.070460	0.077547	0.017963	0.152240	-0.056935	-0.113636	-0.051198	-0.025178	0.028892	0.031734	0.038640	0.073746	0.152125	-0.046907	0.058607	-0.008265	0.262755	-0.044977	-0.188599	-0.004151	-0.089571	-0.013252	0.096684	0.011134	-0.016714	-0.050418	-0.030865	0.039142	-0.017921	-0.145409	0.135955	0.129718	0.065867	0.087155	-0.153859	0.043735	-0.065763	0.004465	0.178615	0.107250	-0.484865	-0.010118	0.148526	0.021925	-0.007100	-0.178512	0.127854	-0.097378	0.004175	0.001839	0.309590	0.053981	-0.054086	-0.111074	0.059173	0.060516	-0.041835	-0.163919	0.063918	0.018595	-0.070973	-0.030479	-0.086762	-0.064184	0.124642	0.086105	-0.065762	-0.156078	0.057188	0.140188	0.042662	0.103888	-1.565137	-0.040450	0.096223	-0.010018	-0.179624	0.029542	0.001181	-0.031192	-0.032070	0.199611	0.011668	0.056104	0.005801	-0.032980	-0.027150	-0.167733	0.021228	0.025909	0.061743	-0.054682	0.097380	-0.206481	-0.037995	0.085702
0.000000	-0.123735	0.143804	-0.034559	-0.182682	-0.034539	-0.011448	-0.042922	0.000097	0.020237	-1.460861	0.089473	-0.067206	-0.051469	0.099567	-0.027343	0.108267	-0.091918	-0.061249	0.007260	0.003679	0.038849	0.192865	0.158210	0.011037	-0.217274	-0.008583	0.024184	-0.143542	-0.005557	0.001671	-0.017775	0.238585	-0.181015	-0.022782	-0.931082	0.156310	-0.097553	-0.020624	-0.040476	-0.013405	-0.000798	-0.200850	-0.094652	0.078244	0.084384	0.075062	0.181544	0.131226	-0.089569	0.099898	0.084051	-0.179547	0.062928	-0.005385	-0.184836	0.221975	0.070825	0.156945	0.202542	0.013380	0.139082	-0.037590	0.216249	0.158412	-0.118308	-0.341124	0.053728	0.030565	-0.029535	-0.079065	0.088902	-0.021517	-0.012547	0.181515	-0.061017	0.006758	0.107302	0.119663	-0.151240	-0.095141	-0.111010	0.094802	0.210434	0.029321	0.095624	0.013638	-0.123897	0.159342	0.070869	0.059812	-0.162740	0.136061	-0.188698	-0.119836	-0.024703	0.008285	-0.213979	-0.035555	0.016040	-0.261451	0.091521	-0.033478	-0.041407	-0.088759	-0.080923	-0.025073	0.205031	0.102838	-0.113102	0.178149	0.015970	-0.080239	-0.085871	-0.223902	0.111806	0.116462	-0.046043	-0.019452	0.055079	-0.164851	-0.120451	-0.107816	0.039776	0.139325	-0.033080	-0.060514	0.078120	0.078639	0.074111	0.059253	0.180884	0.040466	0.101960	-0.034563	-0.103550	-0.007996	-0.027409	-0.070526	-0.022260	0.184584	-0.053111	0.122593	0.052711	0.138302	-0.336567	-0.039185	0.086830	0.088165	-0.089377	0.004877	0.065873	-0.048443	0.125438	0.022035	0.158302	0.012582	-0.083537	-0.071925	0.104662	-0.096979	0.138954	-0.171654	-0.001437	-0.042518	0.020060	0.133154	-0.012326	0.130147	0.137458	0.094564	0.005523	0.074878	-0.416905	-0.054845	-0.053903	0.024316	-0.064381	0.091593	0.087177	0.223163	0.074781	0.048874	0.115081	0.003064	-0.029745	0.030384	-0.101658	0.125784	0.082902	0.061836	-0.035887	0.067016	-0.003493	-0.136230	-0.084747	-0.130756	-0.027446	-0.002076	-0.074248	-0.097649	0.950325	-0.105789	0.068624	0.105736	0.081063	0.018119	0.020801	0.081126	-0.063984	-0.136037	-0.135137	-0.063225	0.053278	0.021368	0.040080	0.085790	0.077265	-0.007767	0.015850	-0.017828	0.253970	-0.027093	-0.184335	0.064815	0.103977	0.051387	0.150419	0.020544	-0.057331	-0.047018	0.047288	-0.012468	-0.011097	-0.135780	0.042979	0.091037	0.059209	0.010751	-0.119295	0.053790	-0.032082	0.011595	0.174049	0.088859	-0.400654	-0.038662	0.117966	-0.017410	-0.020267	-0.017316	0.129364	-0.073017	-0.061098	0.034943	0.363370	0.089738	-0.010189	-0.085573	0.074613	0.046657	-0.076230	-0.147608	0.040840	-0.010035	-0.077834	0.041487	-0.039378	-0.077098	0.091238	0.143457	-0.058418	-0.159465	0.106863	0.044449	0.040777	0.042106	-1.873055	0.012880	0.241215	0.047192	-0.185119	-0.000240	0.027728	-0.050346	-0.084858	0.211026	0.045496	0.097677	-0.054376	-0.057950	0.051098	-0.186970	-0.007664	-0.016620	0.070351	-0.094654	0.088535	-0.192048	-0.138561	0.123523
1.000000	-0.069203	0.176126	0.028493	-0.069855	-0.073125	0.032809	-0.044830	0.001411	0.060339	-1.169161	0.099654	-0.094237	-0.069711	0.207755	-0.020970	0.080374	-0.142791	-0.020262	-0.021661	0.051403	0.108764	0.273158	0.095102	0.080502	-0.207446	-0.041629	0.004322	-0.100758	-0.037820	-0.045398	-0.125827	0.200822	-0.228636	0.013273	-0.771306	0.135979	-0.068789	0.081510	-0.090093	-0.004438	-0.017796	-0.146136	-0.026158	0.013454	0.142465	0.109086	0.231961	0.050188	-0.071708	0.057241	0.091271	-0.104755	0.102601	-0.005616	-0.213281	0.141473	-0.024395	0.157826	0.213869	-0.000171	0.164158	0.020186	0.149316	0.089386	-0.107955	-0.209958	0.092865	0.050816	-0.065321	-0.003831	-0.000526	0.034110	0.010317	0.085377	-0.045510	0.037882	0.151529	0.070447	-0.187680	-0.017695	-0.118276	-0.000383	0.175299	0.001775	0.104039	0.009859	-0.118039	0.168458	0.006105	0.009226	-0.113080	0.122667	-0.204305	-0.087582	-0.078795	0.045371	-0.164577	0.035357	-0.019418	-0.125319	0.051619	0.000333	0.031565	-0.162693	-0.054790	-0.017845	0.068246	0.130811	-0.209364	0.128088	0.067346	-0.008275	-0.084482	-0.229642	0.118396	0.110619	-0.171063	0.129215	0.068904	-0.169145	-0.065750	-0.110710	0.061752	0.134262	-0.097163	-0.119161	0.000074	0.221200	0.003366	0.130410	0.017676	0.152512	0.082191	0.106353	-0.104991	-0.051045	-0.004002	0.055132	-0.061195	0.155555	0.002048	0.160023	-0.066807	0.114118	-0.252782	-0.011299	0.032940	-0.012854	-0.053571	-0.010312	-0.052706	0.001420	0.096981	0.081697	0.147574	-0.002484	-0.061136	-0.072942	0.069518	-0.046119	0.135508	-0.176534	0.015858	-0.063513	-0.031428	0.076859	0.007844	0.142466	0.108695	-0.036907	0.006173	-0.011084	-0.462202	0.014867	-0.069148	-0.068226	-0.086782	0.039854	0.033628	0.058010	0.107227	0.068381	0.183161	-0.128323	0.025726	-0.129913	0.105357	0.037429	0.130428	0.069422	-0.023437	0.194604	-0.040598	-0.099395	0.005979	-0.115689	-0.181207	-0.012758	0.026634	-0.049224	0.801025	-0.086263	0.119563	0.072692	0.057650	-0.004362	0.060568	0.108140	-0.060698	-0.141948	-0.058085	-0.059977	0.040514	0.044016	0.026155	0.065049	0.072513	-0.103486	0.064303	0.034067	0.233763	-0.009188	-0.170977	0.017353	-0.062926	0.013994	0.078843	0.069864	-0.004503	-0.117370	-0.024483	-0.024508	-0.049980	-0.135319	0.198135	0.134177	0.095089	0.054851	-0.236075	0.025448	-0.016755	0.021976	0.089380	0.146075	-0.515782	-0.045535	0.125524	0.017327	0.004606	-0.157956	0.138445	-0.170775	-0.006176	0.011124	0.258285	0.101279	-0.067769	-0.085360	0.037158	0.050400	-0.039951	-0.134306	0.097830	0.057222	-0.023359	-0.013052	-0.100878	-0.080000	0.134214	0.088196	-0.113784	-0.127043	0.043459	0.207684	0.046303	0.080914	-1.459556	-0.029422	0.046360	0.003341	-0.165109	0.059523	0.027046	-0.033696	0.005814	0.221027	0.025246	0.091898	0.026353	-0.010707	-0.025710	-0.185340	-0.026627	-0.001677	0.042214	-0.144473	0.063957	-0.149208	-0.099746	0.040264
1.000000	-0.144361	0.168682	-0.000866	-0.048979	-0.028708	0.066663	-0.055967	0.041700	0.097009	-1.409757	0.042883	-0.110680	-0.110402	0.123159	0.023285	0.021181	-0.149545	-0.001228	-0.012357	-0.038586	0.017325	0.209517	0.191684	0.086986	-0.187951	0.002009	0.062022	-0.096981	-0.121960	-0.014013	0.059330	0.157995	-0.135353	0.067295	-0.919222	0.089615	0.014791	0.039727	-0.099052	-0.036328	0.008314	-0.120125	-0.095981	0.090992	0.023667	0.082842	0.179262	0.111965	-0.065869	0.057244	0.072825	-0.154534	0.041964	-0.088151	-0.092636	0.225663	-0.035027	0.218442	0.134214	-0.008264	0.127686	-0.080280	0.179629	0.000107	-0.059956	-0.312181	0.135985	0.022310	-0.025847	-0.007650	0.035344	0.047326	0.029931	0.102030	0.007334	-0.021342	0.091179	0.129253	-0.117720	-0.038352	-0.140563	-0.005152	0.135853	0.022300	0.107990	0.032204	-0.175676	0.109618	0.046727	0.067371	-0.130840	0.137683	-0.133189	-0.172290	-0.039609	0.033104	-0.180635	0.006645	-0.020783	-0.265735	0.034471	-0.000114	-0.020846	-0.016587	-0.064937	0.015433	0.118559	0.083196	-0.152472	0.096251	0.005096	-0.169792	-0.099942	-0.210037	0.093417	0.096471	-0.082637	-0.007580	0.023688	-0.166383	-0.105194	-0.096912	0.092916	0.071660	-0.028429	-0.012453	0.141043	0.165576	0.026452	0.055742	0.126492	0.148832	0.079420	-0.038159	-0.046049	-0.011291	-0.025882	-0.015277	-0.008825	0.173238	-0.094820	0.072514	0.029843	0.050147	-0.313256	-0.073491	-0.007981	-0.000425	-0.125854	0.060837	0.099835	-0.008564	0.133626	0.001648	0.256683	-0.032211	-0.061587	-0.055281	-0.003716	-0.105750	0.114893	-0.151502	-0.016997	-0.075324	0.007830	0.157435	-0.021317	0.054146	0.018867	0.097217	0.006949	0.038407	-0.497851	0.009512	-0.035529	0.006542	-0.151447	0.071463	-0.022742	0.276276	0.053839	0.103753	0.114394	-0.029400	0.008172	0.035645	-0.064454	0.077063	-0.025842	0.067430	-0.073003	0.209123	0.015218	-0.064618	-0.010119	-0.141508	-0.069439	0.046239	0.012226	-0.089259	0.865939	-0.067206	0.016778	0.051388	0.094483	0.070175	-0.075742	0.049491	-0.047384	-0.194138	-0.034282	-0.105556	0.102483	0.017181	0.029582	0.088320	0.053767	0.075779	-0.003001	0.035944	0.287438	-0.066334	-0.226627	0.047660	-0.054355	-0.002094	0.124919	0.019498	0.011991	-0.042971	-0.051196	0.039349	0.064699	-0.109953	0.170319	0.146038	0.054335	0.034481	-0.082629	0.077399	-0.063373	0.054259	0.252010	0.035896	-0.566314	-0.052872	0.132118	0.021534	-0.029536	-0.041063	0.116354	-0.089052	-0.040288	0.063078	0.203246	0.065719	-0.089792	-0.097640	0.041723	0.099128	-0.041936	-0.101128	0.117103	0.016083	-0.082201	-0.030212	-0.052009	-0.089248	0.194745	0.009543	-0.018420	-0.090605	0.065456	0.102461	0.047605	0.069563	-1.864232	-0.009867	0.298020	0.029705	-0.167948	-0.017711	0.016638	0.063758	-0.045804	0.103197	0.050897	0.045409	-0.038973	-0.050926	0.001611	-0.156545	-0.005805	0.026939	0.049096	0.037907	-0.014712	-0.212002	-0.099161	0.026865
1.000000	-0.089084	0.120778	-0.006357	-0.125678	-0.048465	-0.016204	-0.061675	0.061189	0.016045	-1.525747	0.050564	-0.056193	-0.087844	0.174995	-0.010981	0.086454	-0.094713	-0.006860	-0.009035	0.009443	0.069697	0.303225	0.144174	0.085410	-0.206936	-0.064424	0.029473	-0.154212	-0.033748	-0.006893	-0.079648	0.240553	-0.249349	0.023544	-0.859712	0.170365	-0.062882	0.025781	-0.050563	0.036194	0.065122	-0.164683	-0.055009	0.086510	0.123292	0.143999	0.189468	0.112966	-0.093241	0.051180	0.037290	-0.143195	0.046993	-0.029436	-0.111669	0.187804	-0.067839	0.178507	0.190017	0.023391	0.137206	-0.011637	0.214791	0.114690	-0.092022	-0.312563	0.032338	0.049397	0.036763	-0.021323	0.066057	0.055309	-0.008320	0.125725	-0.078492	0.012040	0.143964	0.136615	-0.213290	-0.027308	-0.142030	0.050077	0.207087	0.021055	0.161662	0.063374	-0.107720	0.197015	0.007228	0.076389	-0.136342	0.174131	-0.186804	-0.158369	-0.003720	0.050107	-0.199104	0.010136	0.040616	-0.220356	0.018846	-0.002790	-0.029405	-0.078179	-0.087684	-0.020061	0.101625	0.154949	-0.156837	0.091057	0.005024	-0.011834	-0.110896	-0.239727	0.104569	0.081958	-0.045968	-0.015307	0.049354	-0.241814	-0.043993	-0.153453	0.097001	0.157659	-0.013112	-0.036602	0.087398	0.128860	0.065059	0.141922	0.114175	0.099499	0.045556	-0.006775	-0.080420	0.027021	-0.021866	-0.035283	-0.011617	0.212641	-0.101508	0.143051	0.046201	0.109526	-0.292026	-0.116935	0.006853	0.038792	-0.123217	0.020873	0.049225	-0.100854	0.107869	0.033450	0.206717	-0.028317	-0.112084	-0.041515	0.133045	-0.022797	0.061902	-0.157718	-0.012514	-0.033989	-0.005792	0.086972	-0.039526	0.126679	0.120794	0.056178	0.046308	-0.004814	-0.555632	-0.006939	-0.046286	0.053120	-0.112694	0.053468	0.072078	0.175681	0.139147	0.095642	0.139706	0.005887	0.022902	-0.077361	-0.025073	0.079602	0.041940	0.142336	-0.045317	0.165414	0.051477	-0.106270	-0.025264	-0.116058	-0.142258	-0.016549	0.037200	-0.055619	0.978805	-0.084737	0.134366	0.023566	0.091066	0.014956	-0.009819	0.090671	-0.037103	-0.088937	-0.083219	-0.001929	0.067567	-0.005791	0.066782	0.068669	0.072988	-0.017767	0.014644	-0.034401	0.153880	-0.035125	-0.173786	0.062942	0.020133	0.001121	0.127209	0.008283	-0.071457	-0.046871	0.009371	0.006404	-0.052716	-0.130243	0.080803	0.108135	0.039257	0.027994	-0.157577	0.127845	0.003341	0.047731	0.288275	0.060203	-0.595007	-0.051712	0.169085	0.022320	-0.030005	-0.072279	0.114574	-0.140928	-0.090108	0.027141	0.326338	0.048853	-0.019448	-0.118527	0.073149	0.040405	-0.032651	-0.108080	0.022541	0.037499	-0.082463	0.063297	-0.103424	-0.074164	0.139068	0.123816	-0.054930	-0.171161	0.078107	0.055036	0.041248	0.053362	-1.766015	-0.023546	0.208705	0.053605	-0.165682	0.047667	-0.005062	-0.026719	-0.029885	0.149736	-0.010801	0.090226	-0.003766	-0.034931	-0.014921	-0.167395	0.014962	0.053166	0.059422	-0.036204	0.062704	-0.201979	-0.113936	0.080137
1.000000	-0.139902	0.158193	-0.090147	-0.079054	-0.040319	0.072231	-0.002005	0.051733	0.039122	-1.498524	0.100410	-0.073555	-0.087118	0.072291	0.064989	0.079910	-0.094430	-0.027192	0.026682	-0.033085	0.055144	0.205682	0.190095	0.049073	-0.200837	-0.022198	0.029412	-0.042114	-0.033470	0.046152	-0.016260	0.180461	-0.119283	-0.020476	-0.911956	0.100048	-0.047844	0.038073	-0.091328	0.027741	0.001946	-0.133657	-0.081466	0.069055	0.042276	0.082523	0.221661	0.087006	-0.095472	0.046551	0.000589	-0.119357	0.028291	-0.056596	-0.105038	0.201086	-0.023641	0.224976	0.106012	0.013473	0.099882	-0.047878	0.159575	0.115620	-0.105376	-0.282075	0.106469	0.065526	0.025211	-0.015699	0.112353	0.000893	0.003613	0.096156	-0.009883	0.011412	0.088160	0.157403	-0.143068	-0.075058	-0.091330	-0.003088	0.185897	-0.001557	0.074686	0.030492	-0.209988	0.148081	0.023012	0.068975	-0.224713	0.164228	-0.169971	-0.181928	0.015579	0.044225	-0.186166	-0.032904	-0.006803	-0.292059	0.026150	-0.001958	-0.065284	-0.006546	-0.050202	0.022717	0.152250	0.075183	-0.176232	0.139270	-0.025054	-0.085444	-0.110594	-0.243003	0.099936	0.076289	-0.091378	-0.007227	0.028591	-0.181667	-0.054168	-0.053014	0.133980	0.089762	-0.038342	-0.066902	0.106101	0.142025	0.039113	0.011710	0.099624	0.136045	0.111434	-0.001210	-0.018380	-0.004066	0.024174	-0.010921	-0.017985	0.144332	-0.096790	0.117745	0.124116	0.078874	-0.326377	-0.089072	-0.016898	0.014823	-0.114185	0.024171	0.030945	-0.026254	0.090594	-0.056743	0.191322	-0.019384	-0.046449	-0.055303	0.123469	-0.126308	0.108199	-0.124771	-0.025520	-0.022630	0.047825	0.100403	-0.025784	0.095297	0.062470	0.095158	0.009518	0.032443	-0.506498	0.068262	-0.005459	-0.034376	-0.068597	0.124760	0.052302	0.164955	0.094084	0.070056	0.139251	0.000239	-0.020015	-0.013733	-0.036201	0.095716	0.096849	0.052218	-0.047800	0.180741	0.070759	-0.087590	-0.020658	-0.191351	-0.072325	0.017526	0.018730	-0.067940	0.885164	0.009417	0.043625	0.044615	0.059139	0.013463	-0.033641	0.082676	-0.057335	-0.156981	-0.063013	-0.129432	0.103549	0.053460	-0.073683	0.090095	0.024631	0.087263	-0.035041	0.015251	0.175798	-0.034959	-0.154946	0.060717	0.031640	-0.028422	0.148220	-0.022457	-0.012053	-0.036699	0.025785	-0.010713	0.040838	-0.179113	0.092463	0.143399	0.059361	0.085137	-0.088707	0.038618	0.019139	0.009644	0.197944	0.014975	-0.452923	-0.019978	0.084947	0.027544	-0.048580	-0.009758	0.081260	-0.074385	-0.072358	0.042252	0.266054	0.072536	-0.083788	-0.080647	0.063104	0.010626	0.032389	-0.166784	0.052583	0.039653	-0.084875	-0.037254	-0.033369	-0.048280	0.096391	0.059253	-0.004320	-0.088560	0.105808	0.040032	0.060548	0.058190	-1.908636	0.049961	0.229797	0.008744	-0.200687	0.083909	-0.015326	0.081093	-0.126708	0.035647	0.040864	0.044782	-0.100448	-0.029835	-0.015438	-0.144336	0.004202	-0.022614	0.075313	-0.051994	0.051188	-0.200511	-0.086589	0.059316
1.000000	-0.097715	0.111697	-0.025328	-0.084281	-0.052818	0.025542	-0.017126	0.066039	0.027043	-1.554306	0.138808	-0.067400	-0.074048	0.165378	0.047192	0.068847	-0.196904	-0.025711	0.011533	-0.019276	0.035907	0.264164	0.166267	0.065156	-0.206426	-0.032813	0.049031	-0.115051	-0.011386	-0.021374	-0.035772	0.252216	-0.186564	0.012689	-0.962859	0.112816	-0.066153	0.010025	-0.110072	0.013803	0.002716	-0.147523	-0.082502	0.088254	0.078898	0.082447	0.225151	0.134097	-0.082737	0.075417	0.045841	-0.170597	0.001671	-0.033724	-0.136878	0.214049	-0.033112	0.171549	0.153960	-0.030335	0.161183	-0.004588	0.187595	0.040317	-0.110663	-0.312307	0.089651	0.033514	0.037491	-0.000015	0.053193	0.074282	-0.003495	0.116864	-0.016741	-0.032277	0.113290	0.134659	-0.171042	-0.077417	-0.157164	-0.059759	0.183247	-0.027010	0.076333	0.066937	-0.130453	0.202305	0.016152	0.081451	-0.133769	0.184204	-0.214149	-0.208615	-0.015365	0.060203	-0.268017	0.003421	-0.006642	-0.234871	0.035457	-0.043833	-0.082934	-0.074471	-0.043748	-0.029267	0.151044	0.135994	-0.182474	0.121839	-0.026356	-0.126068	-0.099967	-0.231368	0.102152	0.088559	-0.114652	0.020948	0.063686	-0.199151	-0.064717	-0.147603	0.125196	0.109820	-0.009299	-0.063344	0.100983	0.132683	0.034545	0.045560	0.123538	0.105201	0.041951	0.011345	-0.084958	-0.012608	-0.034368	-0.058704	-0.005900	0.185444	-0.068797	0.120428	0.030972	0.137494	-0.393913	-0.093910	-0.016942	0.063982	-0.084351	0.003723	0.058227	-0.020777	0.069350	0.007096	0.225660	-0.014932	-0.059248	-0.051771	0.074599	-0.068192	0.104761	-0.181425	-0.027257	-0.071142	-0.010750	0.133904	-0.006333	0.108749	0.044327	0.074860	0.057258	0.066741	-0.513780	0.034193	0.016707	0.038016	-0.083340	0.065510	0.052650	0.250980	0.083496	0.078369	0.162713	-0.044474	-0.022023	-0.080041	-0.079513	0.116607	0.042450	0.107370	-0.010399	0.186639	0.060556	-0.073154	-0.010953	-0.166430	-0.092036	-0.045060	0.060811	-0.096863	0.985710	-0.096613	0.083835	0.067969	0.043457	0.035876	-0.003575	0.051898	-0.028805	-0.184997	-0.134314	-0.052665	0.057698	-0.004657	0.009459	0.036288	0.041189	0.066684	-0.034270	-0.008175	0.228539	-0.019337	-0.164855	0.077890	0.023417	-0.035157	0.105347	-0.005180	-0.011262	-0.030006	0.025922	0.058612	-0.018822	-0.143939	0.080012	0.118496	0.084649	0.042504	-0.097460	0.103715	-0.025218	0.040358	0.218188	0.050664	-0.498265	-0.064536	0.178229	0.032058	-0.020382	-0.091217	0.089833	-0.103032	-0.099476	0.048120	0.276390	0.033680	-0.066302	-0.104863	0.083626	0.004431	-0.017622	-0.167189	0.039683	0.034100	-0.058449	-0.002173	-0.060602	-0.065068	0.164120	0.076986	-0.030286	-0.133567	0.076485	0.106008	0.050619	0.091719	-1.875444	-0.032151	0.242260	0.026630	-0.187417	-0.009507	0.015535	0.016421	-0.067788	0.136377	0.003932	0.092452	-0.015110	-0.023190	-0.016385	-0.163740	-0.035249	0.018434	0.096928	0.038828	0.047429	-0.232835	-0.095458	0.109408
0.000000	-0.079921	0.100401	-0.026920	-0.131372	-0.051586	0.009229	-0.054605	0.006273	0.045681	-1.574333	0.122042	-0.070935	-0.115912	0.126489	0.014099	0.105600	-0.167938	-0.021066	0.000597	-0.012104	0.055509	0.265634	0.193890	0.053555	-0.256260	-0.041084	0.023033	-0.151131	-0.047930	-0.007665	-0.002271	0.298561	-0.207129	0.030149	-0.997874	0.109303	-0.056382	0.004664	-0.089590	0.046320	-0.012838	-0.198721	-0.083910	0.050495	0.061828	0.059506	0.229505	0.125671	-0.107623	0.075126	0.072487	-0.142947	0.060695	-0.026525	-0.190279	0.248975	0.032055	0.180792	0.210546	-0.026287	0.185050	0.013131	0.225444	0.095721	-0.128779	-0.365537	0.060060	0.039060	0.042880	-0.089167	0.082232	0.020894	0.006153	0.110136	-0.043932	-0.048738	0.098577	0.125012	-0.193461	-0.045395	-0.104383	-0.053371	0.244967	0.006145	0.081642	0.049779	-0.172398	0.188859	0.016398	0.080335	-0.178801	0.155480	-0.269493	-0.214324	0.020532	0.092757	-0.218505	-0.017050	-0.009177	-0.203029	0.058216	-0.053061	-0.041786	-0.089140	-0.117894	-0.014388	0.135513	0.075233	-0.191744	0.142538	-0.049276	-0.166289	-0.067115	-0.217667	0.120319	0.142817	-0.142640	0.013118	0.055621	-0.198495	-0.050239	-0.143505	0.088696	0.168513	-0.011580	-0.081320	0.053088	0.100201	0.075590	0.009478	0.128638	0.064600	0.048668	-0.016269	-0.073134	0.019281	-0.007269	-0.052006	-0.021556	0.164991	-0.070464	0.147119	0.085687	0.158112	-0.368130	-0.047495	0.008682	0.051045	-0.048307	0.016581	0.030010	-0.027055	0.050865	-0.005680	0.200794	0.019887	-0.035433	-0.076348	0.119585	-0.059758	0.119602	-0.199398	-0.033639	-0.087842	-0.014226	0.115975	-0.030807	0.111182	0.042541	0.075092	0.046987	0.027749	-0.458703	-0.018857	-0.033760	-0.001531	-0.075840	0.072400	0.025090	0.282994	0.073098	0.086861	0.169818	-0.071359	-0.043500	-0.088016	-0.102997	0.112969	0.065690	0.160671	-0.027159	0.121908	0.059514	-0.066242	0.020080	-0.157241	-0.044825	-0.006723	0.030298	-0.099350	1.025962	-0.061246	0.061287	0.074477	0.073919	-0.003119	-0.009339	0.061357	-0.027847	-0.182222	-0.155055	-0.050593	0.055427	0.019761	0.026400	0.068118	0.077203	0.029297	-0.017352	0.046114	0.264418	-0.037942	-0.146551	0.053462	0.076271	0.039600	0.139810	-0.008207	-0.004172	-0.036627	-0.010694	0.006227	0.020698	-0.173998	0.057205	0.162939	0.092069	0.024671	-0.096027	0.066683	0.024578	0.038441	0.176515	0.079702	-0.458974	-0.025712	0.147328	-0.000623	-0.000736	-0.077360	0.103287	-0.116399	-0.044794	0.036715	0.340294	0.074803	-0.004659	-0.161018	0.033404	0.006601	-0.001252	-0.083192	0.094178	0.045493	-0.065591	0.050466	-0.057003	-0.051276	0.110724	0.128802	-0.003142	-0.162507	0.093423	0.082118	0.036446	0.035651	-1.858265	-0.034494	0.325287	0.033809	-0.141688	0.009247	0.029284	-0.015050	-0.086489	0.161355	-0.037968	0.062595	-0.033153	-0.053159	-0.048044	-0.159143	-0.016707	0.010127	0.157129	-0.002098	0.073595	-0.224566	-0.066861	0.107230
0.000000	-0.077376	0.134851	-0.035988	-0.163532	-0.044018	0.013751	-0.039754	0.054487	0.099904	-1.459813	0.002156	0.014693	-0.063542	0.145619	0.044995	0.099397	-0.173548	-0.000421	-0.043105	-0.060641	-0.006253	0.153217	0.119314	0.092628	-0.163411	-0.048059	0.038970	-0.049967	-0.073653	0.032232	-0.042050	0.218930	-0.193308	0.023212	-0.780603	0.128597	-0.042062	-0.010317	-0.076322	0.014597	-0.033803	-0.103582	-0.082416	0.076988	0.069314	0.104618	0.187010	0.120781	-0.089467	0.078149	0.049004	-0.112986	0.070887	-0.059067	-0.073737	0.170123	-0.035091	0.161924	0.135368	-0.001166	0.136788	-0.032837	0.197265	0.019635	-0.040587	-0.248037	0.038414	0.071785	0.060227	0.027991	0.063100	0.015369	0.017680	0.017521	-0.087092	-0.036958	0.107797	0.123104	-0.158047	-0.062372	-0.144548	-0.030470	0.124583	0.010445	0.044835	0.018251	-0.080382	0.180663	0.013266	0.084075	-0.143702	0.129850	-0.127071	-0.199155	-0.051696	-0.005719	-0.204400	0.004383	0.011376	-0.275088	-0.017890	0.017639	-0.044825	-0.032230	-0.069959	-0.052774	0.062392	0.101171	-0.126210	0.067671	0.012012	-0.079855	-0.093738	-0.215201	0.092013	0.062362	-0.091050	0.066931	0.067741	-0.192540	-0.075438	-0.104651	0.090547	0.047240	-0.055123	-0.036305	0.125168	0.143322	0.063742	0.070042	0.073562	0.218114	0.071354	0.008311	-0.006706	-0.041060	0.021404	-0.019719	-0.027402	0.184155	-0.060829	0.089723	-0.008068	0.109498	-0.333976	-0.056373	-0.034739	0.048385	-0.090839	0.008179	0.093091	-0.044256	0.114989	-0.046253	0.186857	-0.005797	-0.097332	-0.064099	0.061174	-0.043476	0.116226	-0.088728	0.022173	-0.057604	-0.024387	0.080708	-0.022155	0.128394	0.100124	0.036172	0.045476	0.022348	-0.456905	0.034954	-0.040037	-0.039124	-0.040699	0.042563	-0.017182	0.161632	0.091714	0.089416	0.139086	-0.022560	-0.000094	-0.044893	-0.035532	0.076262	0.016121	0.072278	-0.030504	0.211413	0.037659	-0.048004	-0.025443	-0.144996	-0.085384	-0.084161	0.030023	-0.028729	0.861058	-0.074977	0.085654	0.045069	0.070718	0.043915	-0.062931	0.081856	-0.021990	-0.137089	-0.033200	-0.015887	0.086457	-0.001590	0.004351	0.079983	0.132146	0.044077	-0.021290	0.057243	0.182187	0.002226	-0.176998	0.041982	-0.047243	-0.058134	0.054028	0.030472	-0.077729	0.009902	0.021967	0.039995	-0.010694	-0.099637	0.129730	0.138581	0.074953	0.061042	-0.093048	0.110387	-0.024962	0.008957	0.237827	0.058044	-0.549512	-0.066126	0.150724	0.004421	-0.093149	-0.084380	0.109468	-0.133354	-0.007229	0.017762	0.216842	0.043089	-0.075207	-0.117680	0.065846	0.075195	-0.003869	-0.156051	0.069224	0.018527	-0.041379	-0.009635	-0.027238	-0.005247	0.162509	0.086674	0.007100	-0.139233	0.082467	0.161460	0.028989	0.100551	-1.759288	-0.005117	0.243114	0.058032	-0.103865	0.007134	0.031675	0.016060	-0.033559	0.139304	-0.026574	0.077522	-0.002112	-0.037483	-0.041946	-0.168149	-0.015429	0.014984	0.100498	0.036883	0.031760	-0.226570	-0.102034	0.092961
0.000000	-0.099363	0.109493	-0.056993	-0.091946	-0.044400	-0.051800	-0.074087	-0.097203	0.078136	-1.390994	0.049907	-0.062080	-0.058343	0.145808	0.005535	0.126679	-0.081677	-0.011557	-0.051176	0.018327	0.015533	0.176175	0.108821	-0.025454	-0.212996	-0.033152	0.018086	-0.111584	-0.076235	-0.092203	0.010168	0.242725	-0.081849	0.068558	-1.011314	0.037942	-0.074085	0.054351	-0.074456	0.067691	0.017045	-0.167772	-0.108369	0.038937	0.081454	0.103799	0.225629	0.173586	-0.062962	0.085184	0.056309	-0.092272	0.038094	-0.082780	-0.136771	0.185573	0.065839	0.112982	0.165963	0.001119	0.155618	-0.019351	0.086934	0.055309	-0.063648	-0.405564	0.083604	0.013761	0.038235	-0.176862	0.149081	0.015625	-0.022987	0.136375	-0.043663	0.014736	0.119326	0.113507	-0.165561	-0.084882	-0.081791	0.010655	0.253637	0.087390	0.061403	-0.006082	-0.136434	0.180574	0.065207	0.076551	-0.101930	0.048265	-0.254709	-0.123881	-0.084561	0.031759	-0.240178	-0.074907	0.042440	-0.231590	0.074861	-0.025775	0.001086	-0.075117	-0.028936	-0.140546	0.150973	0.132848	-0.137194	0.160925	-0.007618	-0.026930	-0.049116	-0.195685	-0.012564	0.157016	-0.143795	0.001073	0.042718	-0.214493	-0.144439	-0.076885	0.063275	0.039959	-0.082324	-0.056699	0.072800	0.045945	0.096829	0.117455	0.130107	0.067433	0.101330	0.005771	-0.077827	0.085481	-0.007331	-0.065403	0.005139	0.167243	-0.062865	0.152571	0.006979	0.199044	-0.384452	-0.046401	0.077745	0.075369	-0.048859	-0.056391	0.094867	0.023376	0.092693	-0.013012	0.210645	-0.006586	-0.032135	-0.119805	0.082672	-0.102453	0.065730	-0.255272	-0.036581	-0.109920	0.021200	0.091106	-0.074662	0.143124	0.122979	0.109950	0.008443	0.008838	-0.406903	-0.038119	-0.065766	0.012837	-0.057522	0.123086	0.090959	0.274401	0.060281	0.107636	0.110847	-0.035121	-0.090601	-0.041583	-0.094850	0.116853	0.072265	0.072336	-0.052142	0.149951	0.078063	-0.155543	-0.027288	-0.228770	-0.144822	0.032009	-0.017049	-0.124434	0.996465	-0.060483	0.094795	0.104581	0.072593	0.031906	-0.037084	0.033634	-0.032838	-0.084034	-0.103538	-0.082902	-0.020075	0.038321	0.033062	0.051530	0.028527	-0.041816	0.018419	0.007520	0.304542	-0.057403	-0.222967	0.066143	0.030463	0.043618	0.161939	-0.119012	-0.025708	-0.004687	0.002244	0.017518	-0.054109	-0.186535	0.073575	0.153223	0.091165	0.084355	-0.031481	0.026710	-0.021412	0.030957	0.152065	0.077951	-0.408750	-0.034454	0.218334	0.009280	-0.054369	-0.056492	0.084575	-0.136851	0.040749	0.023207	0.395880	0.028882	-0.027080	-0.114015	0.103594	0.081678	-0.036834	-0.122677	-0.002647	0.010409	-0.102256	0.035028	-0.087930	-0.145170	0.099047	0.090568	-0.095876	-0.181658	0.082665	0.099508	0.092887	0.003494	-1.854689	-0.027436	0.195625	0.077861	-0.179567	-0.003513	0.069406	-0.083122	-0.096954	0.204303	0.000900	0.055763	-0.029829	0.016284	0.047313	-0.144060	-0.029631	-0.062220	0.112911	-0.036083	0.013562	-0.258107	-0.122346	0.098103
0.000000	-0.090551	0.173424	-0.059206	-0.121977	-0.051378	0.014985	-0.033692	0.051609	0.076810	-1.523474	0.055012	-0.056305	-0.084096	0.161422	0.013416	0.112463	-0.114029	-0.004844	-0.048376	-0.039122	0.004044	0.246612	0.198493	0.009698	-0.250220	-0.044696	0.054218	-0.117716	-0.027498	0.003885	0.003142	0.223851	-0.194636	0.049208	-0.920155	0.056661	-0.008352	0.060390	-0.013550	0.025293	-0.023973	-0.182570	-0.030425	0.079819	0.088863	0.129092	0.162059	0.113882	-0.110760	0.088304	0.061542	-0.128365	0.042666	-0.065801	-0.124173	0.235202	-0.037249	0.193429	0.144887	0.011807	0.124304	-0.023257	0.185595	0.080175	-0.099893	-0.301314	0.096973	0.049262	-0.006402	-0.045481	0.087725	0.031912	-0.005861	0.097183	-0.047867	-0.022095	0.157575	0.155868	-0.192001	-0.054707	-0.107746	-0.035772	0.177082	0.073573	0.089456	0.008963	-0.152056	0.168598	0.047985	0.111314	-0.179726	0.158825	-0.222550	-0.127796	0.026517	0.046424	-0.239166	0.000897	-0.026627	-0.247886	0.026352	-0.017632	-0.042631	-0.094204	-0.059301	0.006836	0.106748	0.109866	-0.198039	0.141603	-0.052391	-0.127243	-0.092496	-0.247193	0.100229	0.113678	-0.128602	0.037600	0.049253	-0.199967	-0.079060	-0.142054	0.133001	0.137084	-0.049162	-0.043800	0.056396	0.142644	0.044010	0.045157	0.080890	0.124973	0.111398	-0.002734	-0.091148	0.018398	-0.000006	-0.036974	-0.017973	0.159620	-0.098919	0.129307	0.019742	0.103240	-0.353506	-0.027113	0.074964	0.014072	-0.090651	0.005226	0.047785	-0.014723	0.090189	0.010446	0.209068	-0.021085	-0.080247	-0.069997	0.103007	-0.073488	0.079080	-0.140148	-0.039308	-0.072182	0.019579	0.094282	0.019675	0.111144	0.083800	0.061625	0.035372	-0.009817	-0.424261	-0.024225	-0.022392	0.005567	-0.063147	0.092179	0.031918	0.232210	0.133863	0.135376	0.166162	-0.006661	-0.008762	-0.066892	-0.111781	0.092381	0.128550	0.089289	-0.034866	0.132642	0.066896	-0.086915	0.082404	-0.147256	-0.111953	0.006910	0.005077	-0.086750	0.905099	-0.097086	0.066550	0.055379	0.092261	0.018052	0.027096	0.087397	-0.007553	-0.161832	-0.090017	-0.011141	0.088965	0.048461	0.052731	0.038576	0.119458	0.048050	0.000398	0.044045	0.263389	-0.106471	-0.140436	-0.019622	-0.013264	-0.008091	0.148312	-0.020591	-0.018829	-0.024789	-0.013759	-0.007312	-0.028612	-0.169116	0.090828	0.113434	0.041931	0.041408	-0.095838	0.106966	-0.029037	0.036571	0.249050	0.125903	-0.541638	-0.058845	0.182646	0.011471	-0.031528	-0.041392	0.124598	-0.157601	-0.067061	0.030485	0.373240	0.048939	-0.074013	-0.135067	0.053260	0.048182	-0.027926	-0.163318	0.063637	0.028356	-0.041601	0.005292	-0.093153	-0.061741	0.112046	0.089072	-0.040546	-0.129503	0.080745	0.121609	0.053484	0.067483	-1.942776	-0.001775	0.263717	0.063413	-0.199962	0.011816	0.045255	-0.009070	-0.055145	0.182227	0.000815	0.090766	-0.023537	-0.056120	-0.006258	-0.204262	0.006621	0.049628	0.093449	-0.008586	0.064990	-0.246174	-0.077200	0.047397
1.000000	-0.186850	0.178471	-0.036104	-0.137693	-0.084343	0.021090	-0.007478	0.036226	0.098069	-1.406936	0.104272	-0.037758	-0.101954	0.138930	0.002002	0.111903	-0.188567	-0.045061	-0.063866	-0.016951	0.020479	0.224278	0.119507	0.144298	-0.248782	-0.055765	0.004157	-0.082714	-0.116415	0.012730	-0.126883	0.251050	-0.272182	-0.063879	-0.859655	0.220739	-0.021104	0.047792	-0.090991	-0.034413	-0.019827	-0.111945	-0.026801	0.062836	0.060453	0.078267	0.215563	0.134901	-0.113776	0.101661	0.068426	-0.128852	0.091278	-0.038690	-0.154900	0.183682	-0.055465	0.144848	0.195853	0.028537	0.114787	-0.005862	0.195846	0.041413	-0.059412	-0.278047	0.044899	0.108115	0.008843	-0.009107	0.009655	0.041017	-0.037524	0.063865	-0.066616	-0.026639	0.096519	0.022204	-0.175371	-0.097165	-0.134590	-0.031282	0.120689	-0.072054	0.061355	0.012927	-0.098527	0.163442	0.004863	0.045054	-0.167877	0.184595	-0.183542	-0.228243	-0.032518	0.056622	-0.198837	-0.024059	0.024043	-0.250969	0.015716	0.006755	-0.030044	-0.122318	-0.105375	-0.031174	0.133666	0.029617	-0.179070	0.141186	0.022572	-0.113742	-0.104561	-0.263884	0.071196	0.106121	-0.129236	0.129996	0.063530	-0.159684	-0.080181	-0.117276	0.067389	0.158778	-0.031751	-0.065472	0.108719	0.201524	0.068288	0.086133	0.022013	0.220306	0.066449	0.071978	-0.068967	-0.017466	-0.067825	0.001568	-0.046239	0.165913	-0.020267	0.103474	-0.017047	0.125303	-0.338072	-0.099709	-0.045105	0.004158	-0.090265	0.046831	0.020584	-0.005125	0.072811	-0.043811	0.215593	-0.038087	-0.092289	-0.063394	0.054807	-0.069092	0.137859	-0.143077	0.007134	-0.037926	-0.023218	0.130194	0.017195	0.157805	0.064469	0.023684	0.059397	0.054352	-0.485785	0.052701	-0.007667	-0.068569	-0.083414	0.054744	0.020464	0.168420	0.065200	0.058884	0.174588	-0.082652	0.000149	-0.114020	0.067236	0.060021	0.052283	0.080283	-0.008934	0.170697	0.030880	-0.081560	-0.007580	-0.135494	-0.017745	-0.025351	0.046080	-0.009787	0.949142	-0.096154	0.132705	0.045127	0.008499	0.046081	-0.029278	0.121700	-0.072061	-0.189885	-0.074805	-0.075554	0.128860	0.030860	0.006245	0.050503	0.140725	0.031135	-0.041902	0.015941	0.184366	0.026887	-0.179586	0.092115	-0.075761	-0.036281	0.115226	0.077016	-0.049129	-0.041670	-0.003373	0.063811	0.010095	-0.165094	0.112309	0.151946	0.068184	0.037097	-0.137574	0.028395	-0.019159	0.029086	0.258545	0.042253	-0.607583	-0.078819	0.124389	0.089441	-0.047325	-0.120069	0.120101	-0.137917	-0.051104	-0.015990	0.238497	0.062581	-0.034075	-0.133665	0.056617	0.063512	-0.022516	-0.149573	0.105392	0.030397	-0.016896	-0.040377	-0.090614	0.007152	0.203877	0.119779	-0.047117	-0.062631	0.094843	0.124653	0.022538	0.097494	-1.844594	-0.059924	0.188340	-0.010448	-0.155546	0.068469	0.021033	-0.004409	-0.073545	0.195020	-0.012181	0.068928	-0.000235	0.006547	-0.048777	-0.219091	0.003950	0.014353	0.133405	-0.060551	0.049736	-0.191351	-0.105852	0.056104
1.000000	-0.116138	0.144387	0.003488	-0.132922	-0.072381	0.017197	-0.050202	0.032293	0.056050	-1.295483	0.031152	-0.004553	-0.081939	0.164459	-0.005672	0.071066	-0.127204	0.003758	-0.045703	-0.000722	-0.006003	0.182923	0.090470	0.073962	-0.199074	-0.067656	-0.000378	-0.062547	-0.074204	-0.028447	-0.046866	0.218481	-0.205596	0.053487	-0.760103	0.125145	0.000523	0.009182	-0.039633	0.049442	0.009609	-0.140618	-0.041541	0.082033	0.090777	0.134863	0.178689	0.138013	-0.086782	0.086578	0.086269	-0.089189	0.071631	-0.062665	-0.127594	0.136915	-0.001820	0.145534	0.141921	0.038899	0.114891	-0.019767	0.147529	0.030541	-0.079576	-0.253466	0.061882	0.041485	0.010518	-0.002626	0.085080	0.026649	0.011827	0.053800	-0.068085	0.019072	0.173274	0.123876	-0.193862	-0.025975	-0.135708	0.013712	0.158363	0.017502	0.107846	0.044080	-0.125437	0.167434	0.033399	0.083000	-0.099021	0.120809	-0.174445	-0.124737	-0.001043	0.015648	-0.203092	0.018118	-0.007501	-0.165013	0.020806	0.010520	-0.031880	-0.104896	-0.079607	-0.021946	0.078256	0.111731	-0.156271	0.116664	0.005527	-0.050707	-0.081124	-0.219863	0.046494	0.089278	-0.134705	0.019340	0.070114	-0.166408	-0.082873	-0.098351	0.121848	0.117461	-0.033222	-0.038990	0.017840	0.169274	0.007951	0.122598	0.071107	0.138444	0.053467	0.015126	-0.076870	0.019623	-0.005207	-0.007325	-0.026570	0.140199	-0.032095	0.114623	0.029504	0.078956	-0.290980	-0.039237	0.021988	0.001064	-0.075739	-0.021780	0.029433	-0.005918	0.060358	-0.021285	0.172971	-0.067987	-0.084420	-0.050168	0.059208	-0.055194	0.054791	-0.133271	-0.026789	-0.026740	-0.003873	0.101927	0.012890	0.121395	0.094479	0.028452	0.036000	-0.009836	-0.408098	0.022553	-0.066594	0.020213	-0.044589	0.050640	0.041777	0.154074	0.123521	0.125313	0.158378	-0.035971	-0.009200	-0.067966	-0.063050	0.096116	0.059277	0.086262	-0.061190	0.158532	-0.004794	-0.063525	0.035657	-0.111645	-0.108310	0.005375	-0.019664	-0.052822	0.787925	-0.092835	0.092650	0.045381	0.076686	0.060336	-0.002327	0.098541	-0.034067	-0.132108	-0.032685	-0.037117	0.051889	0.030771	0.011083	0.074392	0.099003	-0.018143	0.019651	0.037774	0.183251	-0.075905	-0.194260	0.006117	-0.005544	-0.022389	0.112170	0.015991	-0.041609	-0.039576	-0.025479	0.023228	-0.037050	-0.109624	0.099344	0.119097	0.073851	0.037536	-0.086426	0.098515	-0.016911	0.026896	0.228017	0.103463	-0.506913	-0.051631	0.155397	0.026156	-0.037244	-0.115610	0.106246	-0.111332	-0.046545	-0.029929	0.232869	0.051189	-0.055158	-0.063778	0.055462	0.121336	-0.028532	-0.139775	0.059002	0.007459	-0.042714	0.019014	-0.065787	-0.035787	0.114886	0.089619	-0.080244	-0.156488	0.056824	0.186614	0.009872	0.059013	-1.632192	0.000687	0.181550	0.037990	-0.142593	0.023749	0.026464	0.003414	-0.025423	0.151943	-0.000837	0.058044	0.011175	-0.042713	-0.003776	-0.180205	0.044403	0.040358	0.090150	-0.020353	0.043380	-0.232394	-0.107980	0.026327
1.000000	-0.105159	0.144221	-0.013187	-0.104760	-0.077159	0.023747	0.027558	0.037692	0.098095	-1.439999	0.108685	-0.080991	-0.088980	0.155825	0.011174	0.055055	-0.161627	0.048646	-0.014784	-0.021091	0.012579	0.239087	0.105186	0.093786	-0.158844	-0.072450	0.036638	-0.091742	-0.057790	0.033082	-0.040656	0.215058	-0.175159	0.062672	-0.836695	0.143249	-0.036802	0.021308	-0.139035	0.005865	-0.008879	-0.073347	-0.050521	0.060748	0.029052	0.098149	0.209290	0.111109	-0.099933	0.090935	0.048192	-0.105986	0.068724	-0.056423	-0.110850	0.200485	-0.029413	0.165876	0.166856	-0.017508	0.143151	0.007401	0.134640	0.019291	-0.119211	-0.274324	0.041392	0.095818	-0.033693	-0.056391	0.052343	0.062992	0.002167	0.076423	-0.081448	-0.001663	0.138689	0.095448	-0.158526	-0.075166	-0.135913	-0.016647	0.163035	-0.025580	0.122724	0.073490	-0.142704	0.157805	0.004257	0.045051	-0.124960	0.160821	-0.181029	-0.166371	-0.028277	0.041730	-0.173592	-0.035990	0.001203	-0.182866	-0.011074	-0.030751	-0.031547	-0.085294	-0.091306	0.007244	0.096826	0.102693	-0.174000	0.058815	0.004620	-0.104931	-0.103327	-0.237897	0.073767	0.092071	-0.169894	0.047166	0.057300	-0.138023	-0.036633	-0.092506	0.129416	0.073776	-0.038116	-0.052844	0.074704	0.181038	0.075390	0.079121	0.049879	0.143795	0.029862	0.049434	-0.041181	-0.027131	-0.017345	-0.020600	-0.044318	0.151808	-0.030834	0.162995	0.030431	0.094118	-0.343654	-0.062603	-0.020607	-0.009066	-0.070193	0.008740	0.012433	-0.038962	0.084557	0.003924	0.174760	-0.024748	-0.107723	-0.102738	0.087136	-0.048657	0.089582	-0.160060	-0.057783	-0.014771	-0.058056	0.125448	0.012705	0.071290	0.096168	0.049522	0.021180	0.040490	-0.482062	0.056201	-0.034667	0.019355	-0.125997	0.036073	-0.023261	0.201833	0.035794	0.082073	0.144182	-0.053869	-0.012458	-0.032728	-0.051045	0.145032	0.078698	0.055085	-0.017829	0.202361	0.032498	-0.086150	-0.004937	-0.116097	-0.064213	0.008519	0.000682	-0.039528	0.819915	-0.071140	0.079896	0.094706	0.088085	-0.030056	-0.024842	0.097661	-0.064465	-0.109628	-0.020304	-0.052559	0.087290	0.046661	0.022087	0.082696	0.062133	0.016482	0.009768	0.002340	0.272428	-0.007526	-0.170690	0.034762	-0.068902	-0.032067	0.106528	0.072675	-0.014995	-0.030083	-0.011845	0.058146	-0.006977	-0.137134	0.162546	0.146132	0.062198	0.050364	-0.141520	0.104989	-0.041866	0.043677	0.156118	0.082948	-0.531797	-0.038266	0.175501	0.039458	0.000798	-0.068476	0.147118	-0.119401	-0.016570	0.025315	0.244915	0.067302	-0.009463	-0.143112	0.094492	0.066288	-0.013422	-0.110246	0.086876	0.022013	-0.047367	-0.052216	-0.076173	-0.019342	0.186080	0.080585	-0.065704	-0.071313	0.062501	0.110856	0.089187	0.089071	-1.727799	0.006832	0.186441	0.027903	-0.211806	-0.034471	-0.005233	0.009155	-0.060732	0.145301	0.013314	0.119248	-0.007756	-0.010747	-0.049873	-0.170167	-0.065368	0.019367	0.100554	0.033146	0.050774	-0.253691	-0.067144	0.126874
0.000000	-0.071431	0.020932	-0.054237	-0.102211	-0.038255	-0.009548	-0.049567	0.054699	0.056315	-1.159335	0.162366	-0.110727	-0.155615	0.113107	-0.014300	0.041675	-0.114180	-0.016531	0.066815	0.014158	0.057366	0.209649	0.140581	0.056896	-0.131525	-0.041256	0.121735	-0.033981	-0.100942	0.057322	-0.015632	0.212566	-0.179375	0.018696	-0.548418	-0.009203	0.060899	-0.055544	-0.039591	0.000592	0.011302	-0.146704	0.007924	-0.042879	0.077917	0.130683	0.195889	0.111736	-0.124208	0.106280	0.048877	-0.159625	0.072229	0.041778	-0.089622	0.100254	-0.043561	0.122331	0.163157	0.064619	0.091615	-0.085139	0.134266	-0.050279	-0.106740	-0.139078	0.135315	0.011546	0.019509	0.021068	0.053869	-0.031508	0.145906	0.090883	-0.061136	-0.062081	0.235785	0.087401	-0.163246	-0.006410	-0.117032	0.068227	0.122415	-0.033972	0.029975	-0.004751	-0.188110	0.154469	-0.001058	0.092978	-0.181606	0.126085	-0.045084	-0.115910	-0.006818	0.004076	-0.096080	0.034969	-0.070013	-0.162222	0.010931	-0.010808	0.028469	-0.055161	-0.055155	-0.031367	0.109057	0.147959	-0.087118	0.079130	-0.024441	-0.016037	-0.039560	-0.189718	0.137406	0.020698	-0.184389	0.024456	0.041434	-0.122519	-0.023662	-0.119483	0.101104	0.131936	-0.028079	-0.053120	0.082155	0.221400	-0.018800	0.054841	0.008430	0.119140	0.143771	0.008582	-0.156711	-0.068582	0.043548	0.036241	-0.069675	0.051147	0.001919	0.122493	0.038021	0.070585	-0.089383	-0.086553	0.025294	0.042134	-0.094280	0.125089	-0.063165	0.056564	0.032314	-0.029715	0.040107	-0.051640	0.024189	-0.027663	0.054598	-0.095274	0.096892	-0.122206	-0.011382	-0.078432	0.080608	0.129680	0.009861	0.019265	0.086930	-0.008642	0.100972	0.097630	-0.344409	-0.005965	-0.009812	0.004566	0.031021	-0.051676	0.071545	0.069793	0.102202	0.103050	0.027425	-0.114949	0.087245	-0.094275	-0.081866	-0.054077	0.108352	0.080959	0.010061	0.141820	0.048611	0.004505	-0.055221	-0.071606	-0.072748	-0.032382	-0.020567	-0.031533	0.586284	-0.087977	0.028291	0.039869	-0.024383	0.038228	-0.027008	0.104659	-0.013117	-0.181439	-0.079804	-0.044383	0.015492	0.059630	0.082713	0.121733	0.085555	0.074235	-0.006488	-0.024700	0.083732	-0.048151	-0.136628	0.011069	-0.051836	0.007158	0.069586	0.055091	0.007517	-0.078113	0.111679	0.009096	-0.018333	-0.103379	0.055680	0.071213	0.094657	0.009247	-0.154610	0.041141	-0.003898	0.039364	0.157687	0.061373	-0.442675	0.034398	0.031658	0.076776	-0.067325	-0.140901	0.132904	-0.143303	-0.079091	0.183101	0.190841	0.092317	0.014944	-0.115753	0.083483	-0.104543	-0.031534	-0.148251	0.028491	0.011337	-0.034026	-0.034947	-0.061377	-0.107451	0.109950	0.076218	-0.040116	-0.032197	0.021190	0.056528	0.011899	0.084381	-1.274470	-0.011839	0.114602	0.066757	-0.104689	0.054203	-0.103504	0.006027	-0.007521	0.224536	0.060695	0.086152	-0.033980	0.063289	0.009938	-0.151089	0.077818	0.037201	0.016146	-0.056758	0.117405	-0.146561	0.043519	0.100033
0.000000	-0.089511	0.116406	-0.054304	-0.130487	-0.058134	-0.017333	-0.047440	0.039420	0.058893	-1.460546	0.056636	-0.037450	-0.088485	0.158778	0.041606	0.154354	-0.113260	0.023421	-0.013400	-0.035132	-0.007047	0.190166	0.175037	0.034708	-0.262813	-0.064604	0.029748	-0.074974	-0.061624	-0.017697	-0.041029	0.207624	-0.196154	0.083386	-0.854511	0.094375	-0.000281	0.036106	-0.056472	0.006530	0.025411	-0.179295	-0.049119	0.119603	0.134789	0.119731	0.166264	0.108350	-0.098053	0.084752	0.076310	-0.105298	0.018934	-0.052116	-0.094632	0.192226	-0.021335	0.176243	0.163964	0.007264	0.111347	0.006251	0.218719	0.032868	-0.066078	-0.367499	0.080520	0.032406	-0.012944	-0.041614	0.099386	0.065056	0.004041	0.087636	-0.076343	0.025091	0.124448	0.104480	-0.155789	-0.037600	-0.130799	-0.056420	0.163475	0.061121	0.090243	0.031794	-0.129156	0.191640	0.049777	0.077649	-0.133670	0.130428	-0.192763	-0.131542	0.026324	0.022294	-0.220744	-0.000642	0.012825	-0.240690	0.030485	0.013298	-0.023070	-0.064160	-0.052215	-0.052474	0.064504	0.103248	-0.183826	0.166301	-0.015352	-0.096718	-0.095793	-0.201345	0.069834	0.105791	-0.119666	0.014457	0.038631	-0.206098	-0.088463	-0.146435	0.083182	0.091638	-0.064780	-0.041253	0.038207	0.137027	0.062443	0.095561	0.063169	0.139730	0.091974	-0.015453	-0.072434	0.019848	0.023101	-0.039630	-0.034066	0.173681	-0.087944	0.085299	0.004492	0.124849	-0.349945	-0.035604	0.060976	0.007236	-0.080273	-0.016407	0.114878	-0.026121	0.089711	-0.012956	0.195421	-0.003068	-0.039679	-0.045726	0.085143	-0.040767	0.072301	-0.168626	-0.037961	-0.053585	0.007177	0.103262	-0.003203	0.153753	0.082138	0.075228	0.024825	0.014915	-0.448321	0.002760	-0.075619	0.060259	-0.040172	0.076486	0.031526	0.236130	0.108366	0.154135	0.120940	-0.007879	-0.022761	-0.088532	-0.093337	0.074122	0.095360	0.111987	0.001568	0.137593	0.031033	-0.087130	0.050582	-0.155430	-0.082739	-0.008991	0.040228	-0.060083	0.899419	-0.102331	0.066990	0.050455	0.062392	0.048560	0.002886	0.047715	0.002162	-0.121143	-0.087385	0.011789	0.066101	0.028956	0.021483	0.054508	0.076853	-0.019028	0.013696	-0.028034	0.236120	-0.077367	-0.162599	0.016992	0.018057	0.034262	0.097354	-0.019949	-0.000252	-0.011845	0.011813	0.023724	-0.064750	-0.147033	0.087770	0.107648	0.076531	0.047270	-0.086861	0.083926	-0.050920	0.036530	0.263892	0.097223	-0.528626	-0.076262	0.189919	0.008043	-0.046836	-0.036075	0.056037	-0.153653	-0.031953	-0.023670	0.314711	0.054131	-0.042293	-0.118823	0.024181	0.060353	-0.027229	-0.102868	-0.007806	-0.014018	-0.047736	-0.016558	-0.043486	-0.045887	0.125382	0.103932	-0.057596	-0.143705	0.076837	0.137049	0.014860	0.099822	-1.830898	-0.033620	0.238090	0.061698	-0.184316	0.023866	0.060246	-0.028521	-0.042266	0.176615	-0.049005	0.082205	-0.009879	-0.025814	-0.030524	-0.190964	0.005698	0.051103	0.095810	0.030037	0.060708	-0.219946	-0.104127	0.073308
0.000000	-0.100071	0.132773	-0.044142	-0.096571	-0.085206	-0.040769	0.007259	0.049856	0.049615	-1.482837	0.089820	-0.065199	-0.133019	0.195459	0.005267	0.099046	-0.138702	0.012084	-0.016302	-0.044532	0.044184	0.217184	0.144639	0.009481	-0.274323	-0.040742	0.038909	-0.148993	-0.016966	-0.004585	-0.036156	0.227214	-0.176747	0.016612	-0.872608	0.143295	-0.056486	0.051601	-0.057386	0.031263	0.030384	-0.112855	-0.033119	0.048307	0.079345	0.087948	0.170513	0.135379	-0.072016	0.107109	0.056886	-0.125258	0.042867	-0.075982	-0.134090	0.186802	0.001961	0.191969	0.164488	-0.035293	0.156876	-0.026983	0.195340	0.091606	-0.121425	-0.298427	0.053420	0.000039	0.043485	-0.008843	0.082093	0.002575	0.006990	0.151713	-0.048504	0.002628	0.168042	0.227590	-0.131913	-0.062434	-0.129489	0.022005	0.188062	-0.013858	0.084919	0.073619	-0.157263	0.188180	0.017031	0.014741	-0.190397	0.195516	-0.228392	-0.147153	-0.027786	0.052821	-0.219103	0.053755	-0.008736	-0.156897	0.037928	-0.055211	-0.044290	-0.096856	-0.062041	-0.002466	0.116307	0.118042	-0.171492	0.104826	-0.003491	-0.139217	-0.119972	-0.253319	0.117187	0.078776	-0.099536	0.004914	0.076346	-0.164629	-0.031298	-0.142946	0.110367	0.110409	-0.029905	-0.044055	0.068991	0.189883	0.006028	0.128823	0.097824	0.145170	0.069769	0.020267	-0.056160	-0.001912	-0.035678	-0.089034	-0.017754	0.206870	-0.029357	0.175900	0.065425	0.081679	-0.356778	-0.075208	0.012307	0.028600	-0.118790	0.001355	-0.011289	-0.035454	0.090262	0.008623	0.160772	0.011342	-0.083445	-0.112534	0.120418	-0.070079	0.097627	-0.150607	-0.040495	-0.064362	0.027746	0.090876	-0.000441	0.107375	0.059406	0.029651	0.026452	0.005067	-0.461109	-0.022693	-0.007591	0.007546	-0.047636	0.060849	0.068781	0.197102	0.126759	0.149801	0.170445	-0.014528	-0.048091	-0.072788	-0.077294	0.133753	0.088801	0.094727	-0.074361	0.150901	0.031830	-0.098202	0.016975	-0.121372	-0.045907	-0.002892	0.055941	-0.154824	0.896474	-0.093840	0.030420	0.119767	0.029246	0.094782	0.077208	0.059062	-0.037175	-0.180328	-0.114014	-0.054382	0.047463	0.045437	-0.007244	0.024212	0.084988	0.014393	0.045831	-0.016937	0.221572	-0.071459	-0.195942	0.019620	-0.015756	0.021893	0.129147	-0.013848	-0.015272	-0.062282	-0.040254	0.006397	0.007698	-0.176905	0.078294	0.155215	0.073681	0.042207	-0.081826	0.086072	-0.028663	0.014316	0.216903	0.124296	-0.487226	-0.030047	0.171342	0.007863	-0.058537	-0.129190	0.114306	-0.105287	-0.087305	0.069557	0.365831	0.067742	-0.060364	-0.066455	0.060597	0.010568	-0.056631	-0.154541	-0.006225	0.005261	-0.057835	0.010490	-0.056907	-0.084897	0.084860	0.116550	-0.003840	-0.165169	0.097363	0.125802	0.051993	0.077220	-1.789757	-0.031404	0.217579	-0.017695	-0.203766	0.051486	0.039718	0.018949	-0.070253	0.148652	0.029467	0.084577	-0.042030	-0.048203	-0.020068	-0.161961	0.077867	0.000716	0.096480	-0.050135	0.090321	-0.250102	-0.104971	0.132272
0.000000	-0.082214	0.179806	-0.000727	-0.128964	-0.057202	0.079765	0.029538	0.097446	0.049476	-1.499236	0.061416	-0.016875	-0.093750	0.179821	-0.015349	0.054125	-0.185334	0.025210	-0.035666	-0.075675	-0.072948	0.118929	0.138987	0.096790	-0.172846	0.013427	0.016849	-0.107648	-0.062293	0.068617	-0.008662	0.230639	-0.214027	0.022103	-0.751347	0.101057	0.022354	-0.002823	-0.062125	-0.005400	-0.000326	-0.145407	-0.045161	0.045621	0.077089	0.058576	0.110477	0.130584	-0.078694	0.105922	0.114460	-0.140844	0.028348	-0.020578	-0.047879	0.125830	-0.007502	0.171298	0.161177	0.023046	0.104527	-0.041432	0.206861	-0.071725	-0.087101	-0.241316	0.017294	0.068745	0.025580	0.047286	0.053977	0.076313	0.027825	0.039772	-0.080222	0.009816	0.095056	0.096154	-0.202094	-0.030684	-0.120362	-0.056215	0.128299	0.003272	0.127389	0.058667	-0.110863	0.077670	0.000478	0.033938	-0.095552	0.170457	-0.168451	-0.106690	0.011384	-0.013833	-0.214832	0.035597	-0.028344	-0.183998	0.032672	-0.032339	-0.039772	-0.150340	-0.087659	-0.009210	0.086774	0.105668	-0.194804	0.127071	-0.041775	-0.166738	-0.100133	-0.175992	0.064265	0.083871	-0.026400	0.063025	0.010354	-0.186439	-0.041623	-0.085576	0.127879	0.162933	-0.004249	0.060031	0.081486	0.080734	0.027450	0.102995	0.037056	0.145283	0.067103	0.035987	-0.089915	-0.000820	-0.005011	-0.027060	-0.033138	0.220909	-0.082302	0.111364	-0.010792	0.108171	-0.228288	-0.101562	0.014810	0.052641	-0.119936	0.004038	0.099406	-0.128469	0.066833	-0.058613	0.138918	-0.003593	-0.071311	0.012859	-0.020165	-0.063474	0.085912	-0.128210	-0.007871	-0.055145	0.084470	-0.007358	-0.065744	0.042916	0.016484	0.148550	0.076865	0.022449	-0.475898	0.102644	-0.033510	-0.008629	-0.078871	0.012223	0.010642	0.244540	0.060908	0.076665	0.066969	-0.018123	-0.025921	-0.070842	0.018076	0.058701	0.017687	0.154613	-0.065513	0.201229	0.067341	-0.096512	0.026531	-0.106733	-0.079816	0.011112	0.060042	0.026503	0.751381	-0.086362	0.044385	0.036183	0.072819	0.065251	-0.036069	0.138196	-0.072632	-0.116587	-0.059934	0.026507	0.061755	-0.005407	0.061472	0.052222	0.086884	0.062378	-0.014737	0.015039	0.124418	-0.049736	-0.164698	0.050621	-0.032814	0.032238	0.051724	0.051392	0.060082	-0.046753	-0.015824	0.061634	-0.019749	-0.045378	0.115242	0.194237	0.065027	0.071570	-0.211712	0.132219	-0.003982	0.108075	0.307400	0.050057	-0.643650	-0.078061	0.203869	-0.011739	-0.024567	-0.043407	0.113657	-0.099962	-0.029031	-0.041273	0.121614	0.062232	-0.101478	-0.090672	0.038538	0.069247	0.003572	-0.125134	0.027618	0.038015	-0.078750	0.004819	-0.039744	-0.009952	0.135419	0.050238	-0.011439	-0.090406	0.052412	0.128209	-0.040020	0.081545	-1.652454	-0.033896	0.279452	0.120629	-0.183233	0.035514	0.018154	0.037651	-0.004710	0.144116	-0.025826	0.043283	0.036039	-0.000872	-0.046770	-0.162966	-0.045551	0.075380	0.148510	0.068940	-0.055694	-0.210564	-0.016303	-0.040978
1.000000	-0.129849	0.175288	-0.016528	-0.118615	-0.039063	0.077710	-0.010274	0.097582	0.085102	-1.500634	0.094716	-0.106731	-0.127933	0.128772	0.031450	0.108698	-0.187940	0.000716	0.015970	-0.035163	0.047207	0.274380	0.207322	0.094965	-0.206899	-0.045982	0.013806	-0.156516	-0.094231	0.068100	-0.024380	0.245310	-0.226343	-0.010581	-0.874435	0.156807	-0.016107	0.054780	-0.098415	0.018855	0.043663	-0.108446	-0.033370	0.056765	0.028395	0.090026	0.193912	0.122576	-0.084587	0.097155	0.034574	-0.171495	0.060606	-0.042039	-0.085655	0.190101	-0.037658	0.215639	0.131800	0.042535	0.132371	-0.031375	0.236204	0.120283	-0.124774	-0.349296	0.079632	0.016929	0.027578	-0.043622	0.062648	-0.004290	0.022226	0.080282	-0.087631	-0.046844	0.103696	0.135824	-0.198723	-0.074923	-0.154903	0.022877	0.183156	-0.031065	0.105504	0.036273	-0.114227	0.219201	0.049280	0.081002	-0.201457	0.214485	-0.164411	-0.167127	-0.000833	0.039576	-0.174383	0.019211	0.013422	-0.217764	0.053158	-0.009647	-0.015775	-0.089248	-0.121836	0.036604	0.130426	0.096224	-0.167067	0.154252	0.010895	-0.125535	-0.109756	-0.246446	0.140504	0.107702	-0.120741	-0.030918	0.029187	-0.201186	-0.032101	-0.069496	0.104577	0.110809	0.004811	-0.063685	0.130056	0.161780	0.102800	0.001379	0.099772	0.095908	0.054093	-0.021647	-0.057166	0.018757	-0.019929	-0.023652	-0.002369	0.167372	-0.044059	0.144656	0.033838	0.094532	-0.314892	-0.130048	-0.006774	0.017053	-0.114924	0.060346	-0.000653	-0.058064	0.091773	-0.018368	0.200666	-0.028567	-0.067066	-0.085637	0.093506	-0.062841	0.129047	-0.143932	0.002878	-0.041736	-0.017457	0.098856	-0.013760	0.066527	0.059248	0.071424	0.075090	-0.012443	-0.506945	0.040443	-0.045483	-0.015493	-0.126469	0.060940	0.052694	0.226365	0.093821	0.070866	0.165657	0.011620	-0.017182	-0.061614	-0.077128	0.121506	0.076006	0.102258	-0.065506	0.161848	0.072766	-0.056443	-0.014035	-0.116982	-0.062669	-0.055589	0.023729	-0.082772	0.940076	-0.070970	0.055567	-0.010500	0.086270	0.011755	-0.013071	0.088162	-0.052871	-0.140874	-0.059867	-0.027518	0.139707	0.025408	0.052318	0.083514	0.066380	0.064439	-0.085406	0.005319	0.171250	-0.039028	-0.155401	0.030482	-0.006555	-0.011058	0.141112	0.059582	-0.006268	-0.051500	-0.025904	0.043959	0.016333	-0.148295	0.050126	0.166786	0.078649	0.026845	-0.151530	0.088689	0.017953	0.054502	0.229876	0.009581	-0.577943	-0.092565	0.176601	0.044049	-0.019117	-0.060543	0.134676	-0.120083	-0.095067	0.042804	0.332626	0.080378	-0.019547	-0.119883	0.060542	0.018426	0.021357	-0.082652	0.089152	0.055757	-0.101573	-0.020060	-0.094780	-0.066570	0.171048	0.101997	-0.060889	-0.136612	0.099658	0.083711	0.030180	0.091384	-1.867131	-0.025888	0.262348	0.075847	-0.143982	0.042506	0.021624	0.054039	-0.078137	0.140334	-0.010794	0.053174	-0.015447	-0.031704	0.027855	-0.166641	0.021102	0.021326	0.110440	-0.016448	0.032227	-0.221840	-0.073326	0.105738
1.000000	-0.093631	0.072269	-0.024865	-0.080988	-0.087655	-0.006653	-0.045759	0.024846	0.059983	-1.318816	0.055206	-0.121972	-0.086048	0.179752	-0.075221	0.150206	-0.110490	0.026585	-0.019382	0.012221	0.021901	0.242762	0.133485	0.040945	-0.164780	-0.048535	0.050926	-0.113533	-0.073016	-0.030038	0.013971	0.172638	-0.140420	0.082868	-0.907330	0.147914	-0.027548	0.072195	-0.066585	0.001156	0.048468	-0.124797	-0.115214	0.075264	0.065929	0.162412	0.212918	0.121478	-0.029777	0.045367	0.047854	-0.162130	0.027044	-0.088534	-0.143154	0.197845	-0.031683	0.205655	0.161878	-0.000053	0.194969	-0.052087	0.166721	0.067487	-0.097091	-0.340890	0.033903	0.009936	-0.050261	-0.070441	0.039579	0.013916	-0.040731	0.142463	-0.021459	-0.028871	0.139990	0.169046	-0.149424	-0.084943	-0.107348	0.061983	0.221633	-0.024937	0.082636	0.032920	-0.210507	0.170473	-0.002938	0.037160	-0.105969	0.095847	-0.221946	-0.095097	-0.002613	0.001067	-0.180194	-0.034795	0.004376	-0.166320	-0.022388	-0.021299	-0.038757	-0.070158	-0.074453	-0.060676	0.150321	0.099012	-0.163179	-0.003407	0.017947	-0.085470	-0.099091	-0.243016	0.070244	0.079872	-0.239285	-0.003843	0.053277	-0.208807	-0.061851	-0.101650	0.096836	0.096485	-0.079722	-0.109413	0.021690	0.099742	0.012245	0.079240	0.073111	0.121838	0.052920	0.030267	-0.024676	-0.029093	0.026799	-0.019791	-0.041139	0.168802	-0.063686	0.128552	0.034808	0.150561	-0.348822	-0.023551	0.025957	-0.015067	-0.072164	-0.059180	0.057918	0.032169	0.103524	0.009683	0.190411	-0.082392	-0.037144	-0.060591	0.077430	-0.098128	0.127921	-0.122574	-0.057266	-0.039147	0.007574	0.157852	-0.003737	0.048878	0.078488	0.013197	0.008717	0.043103	-0.404156	-0.019469	-0.010791	0.053625	-0.154712	0.113470	0.027345	0.146538	0.133441	0.091605	0.136514	-0.031379	-0.056753	-0.003315	-0.096392	0.095723	0.101672	0.110374	-0.059943	0.139485	-0.050086	-0.100585	0.031944	-0.123841	-0.082507	0.010115	-0.008827	-0.124183	0.848363	-0.068069	0.063263	0.140987	0.081627	0.033004	0.044432	0.081144	-0.021246	-0.144222	-0.038581	-0.058794	0.072605	0.073160	0.035855	0.080647	0.158289	-0.012102	0.036892	0.032678	0.326710	-0.056928	-0.187323	0.034427	-0.079591	0.001235	0.112717	0.003938	-0.057640	-0.033557	-0.029111	0.004583	-0.013683	-0.192944	0.190623	0.114753	0.029033	0.030290	-0.112252	0.110438	-0.034998	0.104443	0.149472	0.138499	-0.465189	-0.048924	0.090716	0.044116	-0.032529	-0.050303	0.131913	-0.153393	0.024704	0.046279	0.378146	0.092932	-0.057573	-0.101916	0.050148	0.115251	-0.033851	-0.168037	0.129600	-0.017834	-0.078504	-0.022492	-0.076413	-0.081772	0.132354	0.045455	-0.049952	-0.132716	0.070867	0.130037	0.077861	0.036712	-1.779013	0.039291	0.189506	-0.019779	-0.231328	0.030267	0.021240	0.021520	-0.072766	0.164078	0.019765	0.109403	-0.022961	-0.139964	-0.008235	-0.194915	-0.030998	0.001778	0.068620	-0.000102	0.096374	-0.201592	-0.132187	0.128741
1.000000	-0.117352	0.100007	0.020240	-0.165512	-0.066766	0.059126	-0.029300	0.050878	0.095982	-1.319261	0.050590	0.014784	-0.048006	0.129009	0.021890	0.091068	-0.156279	-0.005394	0.009642	0.027595	-0.006561	0.207596	0.119363	0.083705	-0.136632	-0.066069	0.045204	-0.042596	-0.040256	0.025184	-0.021529	0.209774	-0.194821	0.052110	-0.724829	0.156330	-0.052470	-0.020522	-0.109361	-0.037646	0.029644	-0.086333	-0.059229	0.050082	0.134742	0.113152	0.238228	0.139125	-0.065187	0.057801	0.098057	-0.127455	0.078057	-0.099628	-0.072893	0.126799	-0.043359	0.106977	0.128732	0.046918	0.094844	-0.060606	0.206916	0.053821	-0.104002	-0.292390	0.090102	0.074486	0.019193	-0.012683	0.040973	-0.012514	-0.001941	0.001475	-0.070992	-0.017028	0.084645	0.080432	-0.164730	-0.114039	-0.084429	-0.028524	0.146327	-0.011408	0.073262	0.007730	-0.067420	0.131239	0.023294	0.091339	-0.073132	0.136452	-0.117866	-0.145771	0.002330	0.082418	-0.118147	-0.003712	0.001526	-0.211523	0.038922	0.024385	-0.041718	-0.070308	-0.072074	0.005481	0.092843	0.079208	-0.109120	0.057783	-0.041889	-0.138744	-0.062160	-0.171934	0.097026	0.059055	-0.041582	0.048328	-0.037465	-0.140432	-0.042004	-0.075195	0.077805	0.133165	-0.006536	-0.031292	0.069924	0.117695	0.066521	0.087538	0.060707	0.129212	0.079693	-0.026824	-0.032234	-0.019584	0.014942	-0.002848	-0.033325	0.180038	-0.081181	0.126060	0.013651	0.136021	-0.221357	-0.073843	0.032806	0.025610	-0.134840	0.034705	0.081234	-0.032203	0.089144	0.028242	0.194200	-0.023204	-0.044271	0.008980	0.090325	-0.069549	0.110058	-0.084160	0.029941	-0.101217	-0.029086	0.089691	-0.018469	0.078986	0.074486	0.072797	0.016540	0.075024	-0.455896	0.045010	-0.068863	0.004551	-0.097810	0.059879	-0.002720	0.133432	0.096998	0.025582	0.120327	0.027272	-0.010032	-0.020684	-0.010162	0.068774	-0.001950	0.053933	-0.003931	0.093321	-0.064872	-0.101479	-0.037359	-0.028636	-0.075123	-0.064732	-0.013876	0.012612	0.802893	-0.055342	0.084430	0.020636	0.053731	-0.005101	-0.041096	0.089188	-0.064395	-0.095298	-0.072339	-0.013109	0.043478	-0.032946	0.060050	0.141048	0.074132	-0.057225	-0.003845	0.027964	0.122827	-0.026425	-0.184489	0.035805	-0.029873	0.011793	0.059040	0.031719	-0.039819	-0.054333	-0.024256	0.053604	-0.028185	-0.120679	0.120044	0.123550	0.075337	-0.002696	-0.137204	0.123788	-0.018158	0.079060	0.218385	0.084448	-0.517507	-0.084314	0.123050	0.094855	-0.037534	-0.060207	0.136488	-0.145223	-0.009840	-0.028573	0.177107	0.052631	0.008781	-0.089860	0.018774	0.068291	-0.018114	-0.152930	0.096566	0.001444	-0.064119	0.003385	-0.068245	-0.026886	0.142259	0.073973	-0.086883	-0.112912	0.070159	0.098468	0.046876	0.041470	-1.641957	0.038713	0.227427	0.066383	-0.153766	0.054410	-0.018721	0.023435	-0.018375	0.158710	-0.003275	0.118553	-0.000176	-0.066692	-0.006894	-0.141059	-0.015566	0.004047	0.104018	0.003295	0.089807	-0.167572	-0.123882	0.061119
1.000000	-0.084596	0.116838	0.014432	-0.163401	-0.059511	0.025289	-0.073547	0.036257	0.033564	-1.261260	-0.007992	0.004009	-0.077453	0.124446	-0.030048	0.083831	-0.109268	0.021471	-0.036080	-0.022738	-0.063517	0.205593	0.116616	0.079335	-0.186906	-0.075548	0.034625	-0.053711	-0.040700	-0.011373	-0.057824	0.200248	-0.185480	0.083626	-0.727652	0.151476	0.005840	0.011496	-0.076201	-0.027776	0.010737	-0.124860	-0.051655	0.073450	0.117476	0.132483	0.160938	0.107901	-0.119543	0.042611	0.065495	-0.100520	0.081495	-0.072984	-0.097501	0.111874	-0.065262	0.136415	0.122846	0.029224	0.068612	-0.035109	0.225328	-0.004470	-0.037149	-0.260481	0.084067	0.028339	0.027234	0.029304	0.076901	0.041257	0.042155	-0.013271	-0.068134	0.012577	0.101927	0.108821	-0.157213	-0.065156	-0.126683	0.012706	0.093938	-0.002436	0.112417	-0.007669	-0.123820	0.118698	0.022613	0.061207	-0.098277	0.084218	-0.161051	-0.073131	0.008287	0.036075	-0.184052	0.012797	0.016044	-0.202906	-0.000410	0.037238	-0.000759	-0.110431	-0.107345	-0.051060	0.058018	0.118260	-0.136474	0.058299	0.050754	-0.032384	-0.085030	-0.190333	0.091869	0.045672	-0.101260	0.046126	-0.002995	-0.166548	-0.053852	-0.095668	0.081143	0.129206	-0.051336	-0.042634	0.034228	0.119234	0.051615	0.107609	0.042298	0.149501	0.048647	-0.003926	-0.005081	0.025194	0.022352	0.035167	-0.022057	0.199560	-0.060183	0.092863	-0.022722	0.074549	-0.244756	-0.055045	-0.002703	0.018983	-0.107312	0.010730	0.125437	-0.035979	0.097836	-0.002425	0.226725	-0.039230	-0.088588	-0.020195	0.023172	-0.062913	0.089140	-0.056334	-0.011554	-0.072407	0.015967	0.111316	-0.006848	0.105474	0.094338	0.070217	0.007069	0.000355	-0.434127	0.022087	-0.092924	-0.015727	-0.034222	0.086908	0.020633	0.137354	0.102583	0.061499	0.121629	-0.004367	-0.020249	-0.061412	0.004559	0.056673	0.001065	0.056093	-0.056229	0.155445	-0.080793	-0.075139	0.026808	-0.068951	-0.078029	-0.010442	-0.007789	0.006412	0.797188	-0.070001	0.083423	0.052806	0.037155	0.061644	-0.071531	0.079892	-0.050841	-0.055462	-0.007102	-0.020034	0.066458	0.018297	0.055152	0.049435	0.113591	-0.066021	0.028712	0.069409	0.212886	-0.075473	-0.192740	0.051176	-0.050562	0.000404	0.053007	0.035235	-0.071052	-0.064939	0.008988	0.015061	-0.057726	-0.052115	0.193348	0.127803	0.047272	0.017641	-0.136079	0.087028	-0.054134	0.045279	0.199759	0.067184	-0.536522	-0.040877	0.113250	0.028588	-0.055696	-0.072566	0.092457	-0.105896	0.037482	-0.034263	0.196444	0.061139	-0.085498	-0.045863	0.016064	0.133547	-0.034760	-0.093874	0.066298	0.005160	-0.056080	-0.015035	-0.073281	-0.034252	0.122910	0.039427	-0.068664	-0.120724	0.052778	0.116272	0.010230	0.044995	-1.654001	0.050783	0.191249	0.046807	-0.138980	0.026235	0.026546	0.017817	-0.028237	0.145168	-0.011524	0.083883	0.031151	-0.029668	-0.006453	-0.145517	-0.047410	0.025124	0.073980	0.033209	0.032608	-0.155159	-0.113801	0.008693
0.000000	-0.099294	0.109311	-0.040588	-0.139722	-0.055428	0.028703	-0.032423	0.036889	0.102824	-1.378392	0.085308	-0.010100	-0.037179	0.134489	0.000158	0.132228	-0.107579	-0.005068	-0.000883	0.032470	0.020421	0.246271	0.157760	0.038191	-0.256713	-0.048918	0.045499	-0.142871	-0.050471	0.011094	-0.011641	0.161920	-0.135173	0.049576	-0.826039	0.109704	-0.080528	0.061591	0.009672	0.032194	0.008311	-0.121884	-0.061363	0.040868	0.093636	0.165480	0.135587	0.093986	-0.108606	0.058461	0.048458	-0.127956	0.043097	-0.088792	-0.104733	0.187695	0.019156	0.187619	0.143112	0.014762	0.140446	-0.034103	0.167355	0.087395	-0.112419	-0.282227	0.078172	0.011063	0.084805	-0.042852	0.062732	0.006277	-0.025850	0.125599	0.005633	-0.050447	0.129074	0.138787	-0.144182	-0.058463	-0.133085	-0.026646	0.181776	0.011816	0.077058	0.040872	-0.139297	0.140941	0.062411	0.071034	-0.145528	0.149986	-0.184293	-0.144923	-0.013171	0.011473	-0.183360	-0.028001	-0.014728	-0.206625	0.041752	0.008849	-0.063949	-0.050979	0.004244	0.025597	0.067392	0.096600	-0.182344	0.107675	-0.054688	-0.099864	-0.066834	-0.243009	0.092679	0.081611	-0.113519	-0.032418	0.019332	-0.189735	-0.110950	-0.138325	0.073625	0.146951	-0.031277	-0.063764	0.062432	0.124640	0.044285	0.031824	0.096109	0.132048	0.082468	-0.014915	-0.098275	0.003403	0.035736	-0.035259	-0.000299	0.126266	-0.055004	0.114350	-0.014475	0.124983	-0.322464	-0.059672	0.041583	0.035854	-0.081525	-0.017197	0.006161	-0.076963	0.051205	-0.011943	0.171687	0.014808	-0.016840	-0.056826	0.086492	-0.035697	0.045400	-0.165505	-0.011681	-0.058934	0.060935	0.082089	-0.021181	0.123770	0.156026	0.079853	0.015556	0.011866	-0.389053	-0.035823	-0.026892	-0.009319	-0.082185	0.073273	0.006562	0.191147	0.101539	0.070200	0.184394	-0.002834	-0.008374	-0.070888	-0.062493	0.074255	0.080671	0.116341	-0.034106	0.099731	0.040497	-0.084293	0.018155	-0.155360	-0.161602	0.004579	0.024386	-0.128855	0.885578	-0.071362	0.061415	0.041937	0.046960	0.012626	0.022026	0.062309	-0.062424	-0.139915	-0.082718	0.000471	0.065451	0.040555	0.050335	0.061792	0.076204	0.020824	0.008446	0.047190	0.218061	-0.072257	-0.160614	0.083128	-0.025421	0.017402	0.121899	-0.028271	0.013084	-0.039379	0.042664	-0.035106	-0.034095	-0.195508	0.048341	0.074594	0.044541	-0.007669	-0.089137	0.116440	-0.010611	0.050657	0.140788	0.119362	-0.449526	-0.059154	0.101599	-0.011456	-0.041241	-0.056271	0.103598	-0.160800	-0.050497	-0.004166	0.333251	0.053634	-0.049679	-0.128380	0.072783	0.066696	-0.061853	-0.139415	0.018020	0.079910	-0.059860	0.003371	-0.053618	-0.053554	0.077114	0.087263	-0.006989	-0.183676	0.064043	0.099376	0.026685	0.077676	-1.681719	-0.005884	0.221428	0.042808	-0.193537	0.073113	0.034473	0.019330	-0.031170	0.123630	-0.051999	0.079070	-0.041091	-0.064230	-0.003987	-0.173081	-0.001856	0.062825	0.101003	-0.025103	0.059686	-0.193315	-0.068696	0.057924
1.000000	-0.111365	0.133131	-0.041214	-0.148215	-0.064535	0.042864	-0.062801	0.022365	0.053496	-1.366787	0.076584	-0.079578	-0.096683	0.085663	0.002039	0.114269	-0.110887	-0.023113	-0.003806	0.027022	0.038981	0.228002	0.111935	0.094711	-0.178448	-0.062893	0.019578	-0.048794	-0.036570	-0.024341	-0.011257	0.162405	-0.188529	0.044120	-0.840440	0.105515	-0.019680	0.059070	-0.037885	-0.028234	-0.006739	-0.174657	-0.032130	0.071943	0.100331	0.136323	0.213486	0.114109	-0.086616	0.060401	0.035012	-0.104515	0.032316	-0.061074	-0.101510	0.208393	-0.028920	0.172920	0.138363	0.007472	0.127959	-0.013888	0.185515	0.065788	-0.080661	-0.278711	0.068197	0.083431	0.002178	-0.027308	0.058472	-0.001337	-0.024300	0.089738	-0.077218	-0.032131	0.124519	0.112108	-0.137133	-0.101482	-0.114711	-0.033237	0.157526	0.001665	0.076065	0.044677	-0.088755	0.181698	0.057961	0.056356	-0.131568	0.153281	-0.166711	-0.142211	0.005056	0.047251	-0.167550	-0.010997	-0.012635	-0.223065	0.043044	0.016734	-0.029939	-0.088238	-0.083737	-0.034354	0.084671	0.096975	-0.157842	0.105862	-0.008952	-0.106487	-0.100051	-0.214600	0.069591	0.061809	-0.107811	0.052969	0.034674	-0.171794	-0.090935	-0.122672	0.089691	0.084890	-0.045720	-0.070926	0.036963	0.148652	0.059661	0.079925	0.055946	0.116793	0.099243	-0.013701	-0.035795	-0.017926	0.016915	-0.005348	-0.030135	0.175533	-0.040913	0.078101	0.031286	0.091436	-0.303476	-0.027064	0.017756	0.038518	-0.114727	-0.005218	0.075986	-0.043951	0.075399	-0.029868	0.237421	-0.007844	-0.078401	-0.043394	0.100057	-0.077008	0.085127	-0.177330	-0.009339	-0.055932	0.005470	0.080887	0.009887	0.137361	0.073245	0.068046	0.032302	0.018376	-0.473448	0.002409	-0.074898	0.035501	-0.100190	0.059744	-0.006323	0.188806	0.102783	0.072752	0.137364	0.004982	0.013720	-0.091978	-0.057210	0.081153	0.088915	0.089767	-0.029658	0.156672	0.028983	-0.057891	0.000577	-0.113791	-0.070574	0.008839	0.024695	-0.042596	0.929405	-0.046654	0.093217	0.061292	0.083744	0.013727	-0.021799	0.098531	-0.039206	-0.120970	-0.079772	0.015420	0.044126	0.040208	0.029673	0.063150	0.078507	0.027400	0.014601	0.006392	0.219379	-0.055529	-0.181599	0.022948	-0.031683	-0.001655	0.115333	0.029987	-0.026547	-0.051817	0.004908	-0.005807	-0.022936	-0.181959	0.123927	0.127916	0.060097	0.022257	-0.154043	0.090410	-0.039763	0.053176	0.181633	0.112290	-0.507805	-0.079042	0.112558	0.026673	-0.035131	-0.041370	0.142469	-0.149732	-0.040439	0.001843	0.294581	0.080132	-0.017139	-0.131924	0.033583	0.036552	-0.007175	-0.131439	0.088987	0.004339	-0.030818	-0.016823	-0.099631	-0.076140	0.119763	0.076944	-0.044914	-0.104019	0.103552	0.117159	0.034246	0.036472	-1.746591	0.004991	0.197481	0.034443	-0.199823	0.040150	0.045059	0.003853	-0.054532	0.148455	-0.006663	0.115827	-0.007694	-0.074283	-0.020837	-0.128629	-0.058174	0.048025	0.093220	0.048569	0.074309	-0.202388	-0.096413	0.063957
0.000000	-0.047220	0.095482	-0.096498	-0.112724	-0.075483	-0.031474	-0.032417	0.065742	0.044579	-1.425734	0.076712	-0.044439	-0.097634	0.171649	-0.006292	0.059410	-0.131578	0.021271	-0.014712	0.035645	0.051580	0.233872	0.186709	0.016995	-0.250456	-0.078044	0.017282	-0.170591	-0.004737	-0.047568	-0.073410	0.225868	-0.217784	-0.026917	-0.830421	0.078163	-0.055919	0.034170	0.011278	0.044692	0.036162	-0.213509	-0.049416	0.045271	0.162156	0.116562	0.179715	0.063032	-0.092986	0.080763	0.090618	-0.116249	0.081337	-0.061660	-0.118083	0.203123	-0.015884	0.103587	0.174623	0.010980	0.183164	0.013810	0.168007	0.093426	-0.067646	-0.277037	0.073338	0.033565	0.042019	-0.022819	0.098184	0.013914	-0.030705	0.155824	-0.056641	-0.026856	0.145291	0.142753	-0.173552	-0.024762	-0.110807	-0.042846	0.213354	-0.001640	0.099689	0.060316	-0.154387	0.217543	0.004976	0.061472	-0.158861	0.171526	-0.225666	-0.173221	0.010170	0.048944	-0.212552	0.025922	-0.010624	-0.212854	0.040836	-0.014259	-0.048881	-0.097157	-0.092353	-0.006212	0.079464	0.149383	-0.129938	0.164946	-0.006287	-0.086890	-0.119912	-0.278728	0.088864	0.105230	-0.121966	0.034906	0.079214	-0.181272	-0.058749	-0.211273	0.119874	0.133665	-0.035049	-0.042003	0.036064	0.174573	0.040695	0.126797	0.113675	0.118386	0.119874	0.032631	-0.089758	-0.002879	-0.056999	-0.028725	-0.054256	0.175260	-0.010051	0.162313	-0.002420	0.113003	-0.374122	-0.044778	0.001152	0.028353	-0.076163	-0.016268	-0.089692	0.017616	0.063162	-0.032357	0.176221	-0.006986	-0.022054	-0.052582	0.087695	-0.042609	0.058510	-0.177326	-0.067370	-0.078295	0.019353	0.102066	0.007654	0.119774	0.038887	0.015152	0.006921	0.007219	-0.405104	-0.010256	-0.072644	0.022499	-0.072956	0.025955	0.096016	0.153216	0.128725	0.111082	0.129783	-0.063258	-0.025463	-0.090037	-0.030777	0.084598	0.095849	0.109543	-0.037303	0.146515	0.050664	-0.075403	0.030377	-0.155789	-0.068220	0.025106	0.023620	-0.060724	0.929522	-0.081476	0.111497	0.080518	0.018809	0.031578	0.042547	0.068439	-0.027648	-0.147565	-0.142814	-0.010163	0.053616	0.049327	0.029642	0.043416	0.141124	-0.015024	0.014261	-0.006093	0.211423	-0.054222	-0.162567	-0.005984	0.037380	-0.063431	0.132817	-0.024194	-0.039109	-0.008082	0.031077	0.013729	-0.097120	-0.168097	0.079610	0.104525	0.079600	0.043876	-0.104864	0.012894	-0.002255	-0.045237	0.207910	0.063763	-0.508360	-0.033694	0.144921	0.044670	-0.067707	-0.115073	0.111053	-0.127198	-0.043760	0.049898	0.322436	0.067903	-0.017627	-0.100980	0.031576	0.024210	-0.012378	-0.139247	-0.021199	-0.013136	-0.036611	0.004730	-0.104610	-0.089191	0.089044	0.099716	-0.022698	-0.122142	0.098325	0.127781	0.015279	0.050719	-1.703362	-0.019408	0.176140	0.009433	-0.181819	0.029440	0.037318	-0.051932	-0.053247	0.167768	0.011482	0.034256	-0.003096	-0.025219	-0.016003	-0.206390	0.040734	0.008612	0.076389	-0.077056	0.102207	-0.200278	0.001634	0.096303
0.000000	-0.103000	0.076605	-0.021977	-0.138614	-0.073209	0.027982	-0.033671	0.037104	0.098009	-1.310649	-0.024099	-0.047107	-0.097084	0.077413	-0.010143	0.115750	-0.034946	-0.031262	-0.087039	-0.030100	-0.027486	0.148570	0.184803	0.033179	-0.184884	-0.027589	0.026731	-0.041828	-0.073311	-0.042712	0.016306	0.218907	-0.131963	0.085141	-0.879598	0.064436	0.028526	0.068232	-0.020975	-0.010295	-0.002884	-0.103952	-0.092775	0.134200	0.097935	0.072555	0.210546	0.128843	-0.093715	0.081454	0.096009	-0.165719	-0.025733	-0.082538	-0.162540	0.223268	-0.006550	0.190116	0.086477	0.037086	0.113019	-0.031852	0.139821	-0.028222	-0.134772	-0.361747	0.095965	0.037520	-0.069476	-0.087497	0.088955	0.050037	-0.027115	0.059767	-0.034198	0.018370	0.112906	0.100138	-0.163134	-0.096202	-0.124576	0.036817	0.144765	0.112448	0.057917	-0.040722	-0.128855	0.038749	0.032966	0.083010	-0.091334	0.059642	-0.215907	-0.069835	0.002902	0.049699	-0.165811	-0.003650	0.004045	-0.210437	0.049970	-0.026577	-0.013909	-0.057497	-0.057692	-0.034168	0.157468	0.117029	-0.156046	0.084855	-0.037478	-0.084259	-0.031108	-0.181731	0.037500	0.046656	-0.116200	0.000130	0.038287	-0.191212	-0.119904	-0.110887	0.093698	0.140865	-0.092665	-0.029309	0.044133	0.045572	0.041249	0.070783	0.074433	0.160274	0.107286	-0.007206	-0.062731	0.034096	0.038092	-0.043342	0.013366	0.124625	-0.157133	0.058427	-0.003269	0.138349	-0.312611	-0.019932	0.051768	0.027569	-0.061973	-0.052967	0.216040	0.000935	0.126136	0.020203	0.253990	-0.003967	-0.065887	-0.056229	0.095941	-0.127902	0.112027	-0.123328	0.004547	-0.068966	0.020478	0.167380	-0.024786	0.121926	0.070706	0.071145	0.017790	0.078282	-0.386856	0.014144	-0.058906	0.022922	-0.046891	0.133015	0.056205	0.262595	0.107321	0.121627	0.138439	-0.027683	-0.055971	0.017899	-0.064834	0.054490	0.024044	0.059935	0.010153	0.122327	-0.004349	-0.111654	0.002443	-0.138119	-0.116196	0.006877	-0.028178	-0.032005	0.813241	-0.093586	0.097611	0.107738	0.103234	-0.021919	-0.022067	0.053411	-0.051670	-0.163099	-0.052908	-0.031532	0.011714	0.041909	0.012986	0.078310	0.097398	-0.016028	0.028129	0.077526	0.324965	-0.075469	-0.134186	0.006841	-0.052803	0.014474	0.111581	-0.044850	-0.025518	-0.065733	0.017236	-0.014143	0.008867	-0.153373	0.124441	0.064709	0.032490	0.047600	-0.074435	0.124282	-0.126374	0.061169	0.203702	0.094939	-0.475114	-0.065045	0.191400	0.022202	-0.019127	-0.018368	0.090319	-0.101225	0.039114	-0.005889	0.285429	0.083607	-0.061039	-0.089118	0.071878	0.118100	-0.031552	-0.137240	0.058709	0.020202	-0.047709	0.026345	-0.034229	-0.073594	0.106872	0.059805	-0.028970	-0.076578	0.028153	0.060239	0.055609	0.056685	-1.857467	0.066576	0.237459	0.012803	-0.153634	0.013633	0.058544	-0.073736	-0.007831	0.191455	0.037876	0.087184	0.023479	-0.030625	-0.018571	-0.163292	-0.035460	0.006553	0.064204	-0.009014	-0.001870	-0.214747	-0.164638	0.023553
1.000000	-0.086460	0.097286	-0.075545	-0.149306	-0.058229	0.050418	-0.033201	0.073162	0.082241	-1.479319	0.086052	-0.071165	-0.072614	0.105946	0.024187	0.097256	-0.187271	0.005625	0.034097	-0.001616	0.043228	0.294472	0.147944	0.064873	-0.218574	-0.089430	0.066874	-0.089529	-0.058088	0.028173	0.009891	0.202186	-0.205263	0.025133	-0.918034	0.143775	-0.042511	0.017382	-0.107394	-0.039280	0.013830	-0.127732	-0.099188	0.024213	0.094430	0.101444	0.254184	0.073670	-0.085769	0.048110	0.047254	-0.157926	0.028166	-0.103575	-0.139555	0.256957	-0.020611	0.175907	0.177074	0.016901	0.170157	-0.054987	0.204745	0.134204	-0.105919	-0.332231	0.070192	0.087209	0.053952	-0.011344	0.010726	-0.008092	-0.019105	0.150245	-0.020544	-0.053861	0.080577	0.118571	-0.142590	-0.083122	-0.107432	-0.029856	0.175267	-0.045584	0.114478	0.087439	-0.145471	0.188029	0.047948	0.092606	-0.164416	0.170250	-0.184046	-0.217791	0.001005	0.030499	-0.182936	-0.016236	-0.002367	-0.263743	0.045181	0.021162	-0.091084	-0.027204	-0.050535	0.008276	0.134254	0.087616	-0.160264	0.116827	-0.042302	-0.148722	-0.104077	-0.241655	0.105654	0.114242	-0.092605	0.003319	0.032846	-0.219593	-0.050846	-0.113616	0.093118	0.109445	-0.001522	-0.065252	0.140397	0.156821	0.053777	0.012946	0.134120	0.102474	0.100624	-0.028463	-0.061704	0.003828	-0.043481	-0.041935	-0.010495	0.134495	-0.068889	0.128053	0.057099	0.122947	-0.364839	-0.123774	-0.019169	0.004656	-0.091116	0.075062	0.013140	-0.042038	0.074684	-0.004153	0.242628	-0.009019	-0.039221	-0.025961	0.118581	-0.028681	0.095210	-0.152455	0.004656	-0.097141	0.004185	0.094573	-0.016532	0.114373	0.050090	0.033286	-0.002992	0.047002	-0.499356	0.008776	-0.016286	-0.019696	-0.096335	0.097586	-0.001928	0.223732	0.099288	0.079523	0.146494	0.013256	0.016561	-0.016028	-0.017172	0.118898	0.089526	0.098642	-0.024936	0.063208	0.021894	-0.063458	-0.029970	-0.135519	-0.075161	0.014048	0.033604	-0.090024	1.016149	-0.013048	0.063586	0.033970	0.075643	0.031058	-0.025546	0.073658	-0.041163	-0.151649	-0.128751	-0.040123	0.096098	0.020280	-0.005381	0.054781	0.084004	0.027808	-0.017805	-0.000954	0.237268	-0.025624	-0.160235	0.070181	-0.050520	-0.013989	0.154459	0.009002	0.005654	-0.011945	0.006689	-0.001277	0.021944	-0.184913	0.114100	0.126277	0.004433	0.006614	-0.107593	0.063109	-0.014363	0.057463	0.188972	0.092157	-0.492140	-0.059912	0.116270	0.034395	-0.049963	-0.044745	0.107817	-0.149638	-0.042595	0.029555	0.295635	0.034700	0.002451	-0.173684	0.053358	0.024406	0.012282	-0.155061	0.103980	0.026970	-0.060899	-0.035952	-0.060561	-0.061095	0.176811	0.096733	0.011719	-0.139751	0.124650	0.075211	0.064515	0.028110	-1.846385	-0.011807	0.298859	0.046976	-0.219953	-0.008701	0.029815	-0.010382	-0.104444	0.132472	-0.020625	0.122113	-0.053613	-0.047629	-0.000363	-0.186777	-0.074211	0.019072	0.112867	-0.040246	0.040793	-0.165692	-0.066032	0.139229
0.000000	-0.143420	0.149780	-0.081841	-0.119273	-0.041982	-0.022130	0.004981	-0.026460	0.039219	-1.616305	0.111972	-0.077172	-0.027154	0.068188	0.025335	0.162949	-0.106879	-0.046817	0.007583	-0.069501	0.084463	0.215098	0.203536	-0.000347	-0.283414	-0.067515	0.050109	-0.109931	-0.015239	0.007142	0.027429	0.210483	-0.116453	0.051300	-0.960121	0.040826	-0.085735	0.009282	-0.046324	-0.001179	-0.037657	-0.194115	-0.080286	0.099238	0.082126	0.110596	0.142749	0.108838	-0.122697	0.061026	0.055205	-0.154656	0.021613	-0.088256	-0.108547	0.221650	-0.042545	0.223434	0.141961	0.003786	0.138158	0.042101	0.157438	0.108228	-0.075560	-0.368177	0.115473	-0.020458	0.062304	-0.051168	0.158625	0.026546	0.013766	0.195619	-0.014044	0.001618	0.093298	0.133408	-0.176993	-0.040297	-0.119279	0.017414	0.230547	0.053366	0.103093	0.076646	-0.173305	0.190277	0.031362	0.115722	-0.205352	0.133111	-0.293933	-0.166275	-0.005449	0.019135	-0.256888	-0.021790	0.004400	-0.236425	0.058718	-0.017369	-0.102879	-0.030565	-0.024779	-0.011995	0.108106	0.115056	-0.132816	0.131698	-0.043233	-0.085596	-0.109378	-0.243319	0.069113	0.146224	-0.127443	-0.027659	0.069451	-0.249614	-0.084582	-0.127065	0.108366	0.094048	-0.007390	-0.091509	0.094839	0.103302	0.084387	0.073569	0.147341	0.031028	0.109034	-0.041134	-0.064386	0.050741	-0.001653	-0.051049	-0.024695	0.151583	-0.039340	0.097974	0.079146	0.141175	-0.353789	-0.100246	0.038226	0.037191	-0.123757	-0.010062	0.055246	-0.022845	0.087107	-0.004497	0.160568	0.021860	-0.067537	-0.087245	0.066165	-0.090023	0.086618	-0.175556	-0.017660	-0.050024	0.012281	0.114916	0.003408	0.158178	0.094718	0.103453	-0.001310	0.005317	-0.487645	-0.035806	-0.045482	0.061845	-0.032254	0.089576	0.028366	0.296919	0.152618	0.168452	0.149615	0.012464	-0.039244	-0.037419	-0.172382	0.184463	0.118329	0.136252	-0.084060	0.164047	0.081163	-0.113721	-0.009868	-0.173951	-0.088340	0.093027	0.025652	-0.086598	0.973872	-0.080943	0.055715	0.065625	0.088641	0.000790	-0.002119	0.106424	-0.050100	-0.146695	-0.104422	-0.055261	0.107252	0.024200	-0.010794	0.041585	0.008249	0.102491	0.010314	0.022025	0.262871	-0.079233	-0.186457	0.090416	0.045100	0.019281	0.133120	0.037398	0.002672	-0.063251	0.003747	-0.016255	-0.027771	-0.149761	0.031360	0.117182	0.054746	0.033020	-0.058915	0.065039	-0.023861	-0.010628	0.276701	0.097167	-0.495474	-0.032860	0.163723	-0.063679	-0.048639	-0.029337	0.074729	-0.116705	-0.071642	0.023856	0.387303	0.025094	-0.055496	-0.089246	0.134656	-0.022234	-0.054447	-0.156036	0.041046	0.015626	-0.087805	-0.014092	-0.056709	-0.046271	0.058906	0.088690	-0.023248	-0.128754	0.077074	0.118291	0.061652	-0.010727	-1.977715	-0.060058	0.360646	0.080520	-0.206112	0.051006	0.016820	-0.004807	-0.101572	0.161391	-0.002059	0.092011	-0.085422	-0.075781	-0.007387	-0.203599	0.005940	-0.003931	0.129566	-0.011982	0.087705	-0.205581	-0.090169	0.084231
0.000000	-0.105661	0.107169	-0.075197	-0.088640	-0.055018	0.030714	-0.060471	-0.007318	0.075893	-1.577848	0.082992	-0.090806	-0.060878	0.071201	-0.018460	0.109425	-0.098947	-0.032303	-0.012687	-0.012001	0.046932	0.274341	0.238979	-0.014763	-0.252864	-0.026846	0.074457	-0.099537	0.003343	-0.027019	0.017156	0.247665	-0.157025	-0.021033	-1.025075	0.085771	-0.030738	0.002792	-0.025117	-0.013650	-0.013038	-0.209366	-0.089030	0.056675	0.070968	0.102627	0.196228	0.118027	-0.085707	0.069771	0.083499	-0.174301	-0.008713	-0.130106	-0.158137	0.281482	0.025566	0.231669	0.100079	0.041148	0.144444	-0.033465	0.149430	0.126561	-0.107500	-0.312948	0.107421	0.033993	-0.008322	-0.046103	0.056191	-0.013387	-0.047587	0.183153	0.041521	-0.053611	0.064939	0.139059	-0.139906	-0.096785	-0.144353	-0.041097	0.221742	0.042091	0.073909	0.078766	-0.171558	0.190574	0.036863	0.119478	-0.212827	0.188393	-0.226405	-0.178868	-0.010977	0.028004	-0.266809	0.013724	0.009743	-0.226247	0.057436	-0.030790	-0.079903	-0.068083	-0.056476	-0.031768	0.175509	0.071188	-0.137774	0.153771	-0.061075	-0.184680	-0.127703	-0.268465	0.099268	0.194282	-0.084234	0.004915	0.056940	-0.183914	-0.093105	-0.175025	0.093233	0.193767	-0.049370	-0.083211	0.088132	0.131585	0.060173	0.045295	0.157551	0.040664	0.125760	0.001822	-0.113023	0.064508	-0.014202	-0.076254	-0.016683	0.176185	-0.096504	0.107672	0.028918	0.173196	-0.397105	-0.058066	0.033995	0.047522	-0.100336	0.042185	0.003575	-0.013475	0.079079	0.051839	0.223956	0.019847	-0.098805	-0.103383	0.098790	-0.099816	0.058268	-0.197728	-0.004157	-0.107071	0.023356	0.133068	0.033155	0.149556	0.043887	0.070649	0.001323	0.093657	-0.414736	-0.022762	-0.005394	0.007650	-0.078597	0.158475	0.033831	0.304434	0.119256	0.057419	0.166889	-0.042377	-0.048427	0.004218	-0.107064	0.118673	0.124991	0.082036	-0.050322	0.111392	0.085256	-0.086476	0.046412	-0.124458	-0.075958	0.032109	0.046138	-0.125556	1.009944	-0.099548	0.100340	0.098408	0.063020	-0.005381	0.053963	0.053021	-0.048001	-0.187414	-0.197460	-0.043659	0.049942	0.069639	0.026472	0.072799	0.092445	0.074857	0.009046	0.009996	0.269058	-0.036744	-0.183450	0.040724	0.029064	-0.032624	0.133743	0.025401	-0.041202	-0.061112	0.007545	0.010857	0.032541	-0.181522	0.025327	0.088370	0.047799	0.023551	-0.066172	0.050245	-0.024485	0.045728	0.277645	0.121387	-0.466047	-0.082455	0.165210	0.040204	-0.039665	-0.018669	0.079789	-0.138814	-0.026468	0.034265	0.388420	0.048823	-0.042373	-0.087839	0.081725	0.058095	-0.009710	-0.210218	0.003979	0.039279	-0.022406	0.052202	-0.083621	-0.147296	0.083124	0.085442	-0.024200	-0.087104	0.066537	0.139929	0.043562	0.032872	-2.009200	0.007865	0.342600	-0.012103	-0.194642	0.003474	0.060010	-0.020720	-0.046267	0.142308	0.070491	0.108775	-0.054994	-0.086972	-0.001801	-0.201321	0.052783	0.005191	0.146645	-0.067115	0.037644	-0.234128	-0.094814	0.051787
1.000000	-0.116674	0.128719	-0.013656	-0.113770	-0.048291	0.026053	-0.035630	0.048143	0.060685	-1.419612	0.068433	-0.035927	-0.113305	0.148571	0.020743	0.114070	-0.105722	0.004305	-0.023498	-0.031650	-0.011054	0.196191	0.121197	0.072746	-0.220148	-0.033049	0.018925	-0.071553	-0.054617	0.031658	-0.016464	0.215311	-0.179216	0.063129	-0.871088	0.116249	-0.019602	0.050261	-0.028313	0.019048	0.021973	-0.149908	-0.047177	0.057755	0.109775	0.129160	0.161466	0.123509	-0.085115	0.080492	0.051967	-0.117802	0.048807	-0.051579	-0.103577	0.183075	0.005480	0.161605	0.171498	-0.011508	0.101636	-0.019049	0.221753	0.050141	-0.118311	-0.316760	0.059347	0.002985	-0.001731	-0.035172	0.086917	0.020340	-0.013566	0.060907	-0.035540	-0.010905	0.134389	0.114143	-0.187088	-0.012927	-0.126091	0.008189	0.182403	0.024719	0.088222	0.022339	-0.107358	0.134293	0.055733	0.094026	-0.110882	0.119336	-0.186274	-0.095217	0.002331	0.041204	-0.179727	0.001770	-0.003503	-0.235759	0.022050	0.003795	-0.031793	-0.075135	-0.075287	0.045400	0.104370	0.127131	-0.175455	0.101624	-0.024566	-0.075894	-0.064376	-0.210046	0.085233	0.052262	-0.118878	-0.017083	0.031713	-0.210927	-0.102785	-0.115164	0.085122	0.143696	-0.048559	-0.058489	0.045052	0.127172	0.038488	0.053545	0.049324	0.136987	0.073305	-0.009720	-0.076461	0.026489	-0.016828	-0.015072	-0.005492	0.170335	-0.080006	0.114546	0.032753	0.115653	-0.292791	-0.040638	0.033457	0.007214	-0.113684	0.002389	0.117988	-0.028910	0.069153	0.006041	0.202521	-0.016731	-0.072100	-0.036812	0.107755	-0.085664	0.100852	-0.158909	-0.020733	-0.035653	0.010763	0.102034	-0.044847	0.111514	0.091444	0.065863	0.044956	0.009226	-0.464750	0.020965	-0.027360	-0.005117	-0.035894	0.074798	0.029598	0.213677	0.107573	0.133215	0.126625	-0.010286	-0.015156	-0.071111	-0.048098	0.084403	0.044724	0.089991	-0.061044	0.127710	0.016377	-0.102889	0.005260	-0.147509	-0.086720	-0.001388	0.001642	-0.076497	0.884565	-0.089370	0.061284	0.072526	0.079866	0.018066	-0.011105	0.092029	-0.040123	-0.119556	-0.072746	-0.018442	0.044172	0.038846	0.039345	0.050716	0.083508	0.014135	0.019992	0.018725	0.255262	-0.076695	-0.162680	0.039293	-0.025630	0.044819	0.106274	-0.027172	-0.030160	-0.075177	-0.014017	0.001738	-0.026139	-0.152210	0.083754	0.105070	0.037780	0.059412	-0.139307	0.117297	-0.060322	0.059304	0.216722	0.103272	-0.510769	-0.068254	0.147764	-0.007299	-0.018534	-0.037460	0.092261	-0.130604	-0.018319	-0.028659	0.287325	0.083203	-0.059408	-0.115748	0.068461	0.058190	-0.037863	-0.084987	0.062679	0.014039	-0.099260	0.005531	-0.038267	-0.068108	0.107629	0.092893	-0.042977	-0.140132	0.100980	0.067841	0.031205	0.067899	-1.780547	0.001947	0.232372	0.053380	-0.202086	0.056226	0.027706	-0.001325	-0.047075	0.165798	-0.032525	0.086793	-0.001815	-0.050279	-0.023809	-0.141971	-0.011131	0.063986	0.115742	0.037606	0.061051	-0.195092	-0.095431	0.058398
0.000000	-0.130509	0.142139	-0.052720	-0.090321	-0.056160	0.043459	-0.050488	0.053155	0.033222	-1.441668	0.087359	-0.041760	-0.063886	0.159508	0.067376	0.077049	-0.150522	-0.032163	0.019763	-0.010061	0.007324	0.251585	0.185762	0.068086	-0.214264	-0.032098	-0.021253	-0.067162	-0.021744	-0.016404	0.001379	0.271266	-0.202484	0.007285	-0.874031	0.100309	-0.019231	-0.010904	-0.084165	0.023282	-0.005404	-0.193281	-0.065670	0.078436	0.046883	0.090030	0.217357	0.105130	-0.086578	0.078708	0.043828	-0.103509	0.046515	-0.025495	-0.128796	0.207660	-0.011524	0.137645	0.170887	-0.033269	0.100424	0.021142	0.191938	0.082424	-0.100143	-0.310041	0.062913	0.063033	-0.007115	-0.031431	0.093650	0.024093	0.000457	0.075576	-0.077530	0.043748	0.116509	0.116547	-0.174897	-0.085785	-0.114235	-0.030978	0.160165	0.040792	0.092393	0.071107	-0.138744	0.161069	0.037046	0.113857	-0.169389	0.186658	-0.160785	-0.150744	0.037842	0.074273	-0.207375	-0.026816	0.005612	-0.228980	0.051053	-0.014518	-0.035662	-0.095452	-0.065744	0.011643	0.094407	0.060843	-0.198477	0.120318	-0.038001	-0.116852	-0.075330	-0.226412	0.131690	0.100390	-0.150318	0.033674	0.039806	-0.150775	-0.058489	-0.097789	0.116530	0.139862	0.004607	-0.046901	0.045152	0.152122	0.062261	0.047727	0.078200	0.076319	0.100499	0.028677	-0.053039	-0.016309	0.031748	-0.051548	-0.044741	0.138104	-0.121489	0.125878	0.033235	0.136430	-0.389601	-0.042970	0.001237	0.005267	-0.083152	0.015793	0.049251	-0.035132	0.116766	-0.039350	0.223217	0.003517	-0.074032	-0.033580	0.054321	-0.066735	0.096054	-0.139281	-0.014184	-0.054085	-0.013904	0.124240	-0.007139	0.096418	0.062008	0.023664	0.012351	0.015450	-0.501286	0.053239	-0.071708	0.013308	-0.086575	0.063419	0.008627	0.215823	0.091927	0.108328	0.158722	-0.011510	-0.036316	-0.056698	-0.072232	0.101687	0.095732	0.096377	-0.031265	0.143327	0.039249	-0.060083	0.004939	-0.139109	-0.090367	-0.017020	0.015187	-0.062430	0.952184	-0.059322	0.096915	0.038676	0.093010	0.028894	-0.000980	0.054538	-0.044239	-0.207244	-0.100731	-0.069604	0.094781	0.003247	0.065026	0.062290	0.110958	0.045831	-0.041325	0.053179	0.215873	-0.073355	-0.141586	-0.010755	0.071467	-0.045800	0.158830	-0.002145	-0.018790	-0.044618	0.017362	0.037611	-0.051173	-0.147247	0.118593	0.125906	0.082995	0.045468	-0.147810	0.071107	0.022756	0.012888	0.253951	0.058100	-0.505425	-0.054557	0.142194	0.012743	-0.028218	-0.080649	0.115714	-0.101996	-0.043468	0.048477	0.295419	0.033594	-0.033668	-0.112879	0.047278	0.014465	-0.018977	-0.152700	0.109870	0.043354	-0.057791	-0.028272	-0.066333	-0.007619	0.137528	0.094969	-0.033894	-0.112892	0.075763	0.092296	0.039967	0.105401	-1.889007	-0.020878	0.226741	0.045543	-0.146828	0.013154	0.038558	0.020282	-0.124860	0.189561	0.028448	0.081561	-0.003387	-0.045691	-0.013625	-0.188020	-0.055693	0.033653	0.078998	-0.001032	0.033293	-0.270221	-0.084559	0.051636
0.000000	-0.117169	0.110123	-0.114163	-0.088729	-0.071220	-0.001229	-0.049975	-0.016482	0.100235	-1.537274	0.105133	-0.064040	-0.057261	0.111686	0.012641	0.113819	-0.137337	-0.044485	-0.012393	0.007517	0.055761	0.237296	0.177598	-0.005648	-0.249520	-0.047780	0.043664	-0.092075	-0.057676	-0.011554	0.004092	0.212186	-0.121116	0.002236	-1.008091	0.089645	-0.052187	0.053475	-0.055324	0.017419	-0.002442	-0.176109	-0.127578	0.065588	0.056445	0.101038	0.218004	0.122680	-0.073610	0.084676	0.048917	-0.158282	0.017015	-0.082926	-0.174389	0.264055	0.009632	0.182502	0.150965	0.010336	0.147862	0.024952	0.107170	0.124578	-0.105973	-0.346798	0.085840	0.035957	0.025802	-0.108864	0.089633	0.001506	-0.025055	0.189807	0.010377	-0.006893	0.091925	0.103888	-0.155604	-0.117500	-0.124571	0.008139	0.237375	0.043268	0.039422	0.051256	-0.162951	0.179459	0.019415	0.049231	-0.171845	0.156041	-0.228532	-0.197030	-0.035981	0.035585	-0.275266	-0.047372	0.017257	-0.276657	0.071766	-0.030861	-0.069080	-0.040940	-0.025777	-0.013726	0.165932	0.081423	-0.158395	0.140419	-0.034284	-0.145234	-0.096979	-0.233640	0.067830	0.201374	-0.104306	0.006689	0.060147	-0.196665	-0.089710	-0.109802	0.090271	0.101742	-0.040670	-0.044749	0.093958	0.109363	0.069361	0.033221	0.119300	0.056785	0.104366	0.008966	-0.062880	0.042359	-0.012533	-0.067112	-0.035471	0.141129	-0.047332	0.093432	0.021857	0.191039	-0.417621	-0.057034	0.039500	0.041198	-0.080320	0.008134	0.059169	0.018599	0.122858	-0.005670	0.202156	0.009924	-0.043783	-0.093342	0.100860	-0.069237	0.073831	-0.220145	-0.029927	-0.088554	0.006805	0.103543	-0.045824	0.174552	0.079653	0.087614	0.005732	0.060266	-0.432441	-0.033478	0.009948	-0.005299	-0.053567	0.124945	0.060305	0.269123	0.087187	0.099129	0.173226	-0.032991	-0.056294	-0.018650	-0.108451	0.134716	0.099154	0.092469	-0.041451	0.121786	0.081046	-0.123738	0.019355	-0.144382	-0.057612	0.026392	0.018751	-0.136198	1.058900	-0.068239	0.070554	0.094336	0.069724	0.008021	0.007008	0.050705	-0.092385	-0.185486	-0.139082	-0.053482	0.024893	0.083417	0.013930	0.054824	0.065669	0.053437	-0.005646	0.008471	0.256107	-0.037967	-0.159020	0.070592	0.010284	0.017678	0.149305	-0.006340	-0.003958	-0.060209	0.040349	0.037301	0.007806	-0.219464	0.040794	0.117374	0.037654	0.056771	-0.042585	0.044152	0.006932	0.022062	0.194537	0.101729	-0.429556	-0.054311	0.150111	0.016170	-0.054655	-0.040343	0.080712	-0.151182	-0.043902	0.045241	0.375202	0.029199	0.012467	-0.110864	0.073926	0.046106	-0.011758	-0.176558	0.044658	0.049695	-0.076253	0.000280	-0.059095	-0.076314	0.067476	0.102219	-0.008818	-0.128073	0.077714	0.090949	0.055822	0.039078	-1.935995	-0.047156	0.292519	0.017580	-0.197399	0.042242	0.031540	-0.037552	-0.082120	0.157778	0.047323	0.088022	-0.060627	-0.048826	-0.022555	-0.181686	0.003346	-0.001887	0.114213	-0.070380	0.052240	-0.221350	-0.098409	0.143985
0.000000	-0.103248	0.073370	-0.015782	-0.126319	-0.031833	-0.081905	-0.039003	0.007559	0.071940	-1.364171	0.063642	-0.078441	-0.084199	0.154144	-0.007845	0.132103	-0.072618	-0.016906	-0.036598	0.024358	0.024525	0.194529	0.129108	-0.015137	-0.269580	-0.049571	0.027950	-0.151526	-0.007520	-0.023032	-0.053253	0.212110	-0.184247	0.035150	-0.855824	0.155622	-0.025008	0.027635	-0.043333	0.039529	0.004754	-0.199229	-0.035119	0.044539	0.128388	0.106969	0.176189	0.099043	-0.076647	0.103948	0.074386	-0.114171	0.050753	-0.072686	-0.145603	0.217894	0.026009	0.163997	0.189471	0.001146	0.163132	-0.019159	0.173598	0.100401	-0.116192	-0.313745	0.035600	0.028671	0.029829	-0.048794	0.055697	-0.020910	-0.050617	0.167458	-0.058160	-0.010703	0.167514	0.139204	-0.134733	-0.051853	-0.090610	0.050640	0.235357	0.004139	0.107635	0.028216	-0.133873	0.176712	0.054427	0.043158	-0.100403	0.129991	-0.221621	-0.137773	-0.005824	0.028614	-0.185640	0.003525	-0.027317	-0.159821	0.044598	-0.061057	-0.044531	-0.068233	-0.093237	0.002748	0.099987	0.094646	-0.126157	0.118856	-0.015726	-0.032524	-0.091948	-0.228724	0.117038	0.083026	-0.104025	-0.026938	0.079256	-0.159590	-0.105684	-0.160332	0.088850	0.103324	-0.050604	-0.063953	0.073371	0.153184	0.048846	0.091467	0.068296	0.120764	0.072145	0.004576	-0.103633	-0.024886	0.024658	-0.070914	0.000355	0.162852	-0.027964	0.138929	0.054793	0.100902	-0.341095	0.006123	0.012040	0.017761	-0.085830	-0.037918	-0.030648	-0.032388	0.077106	0.032461	0.128280	-0.057611	-0.049247	-0.068173	0.112044	-0.062744	0.106674	-0.195019	-0.028913	-0.042951	0.030425	0.089086	-0.035354	0.153407	0.099840	0.060085	0.020836	0.022593	-0.420624	-0.034509	-0.074964	0.025185	-0.050719	0.012026	0.068982	0.173959	0.106811	0.131853	0.136351	-0.048319	-0.006210	-0.060193	-0.073667	0.164374	0.111067	0.053779	-0.073689	0.111076	0.009929	-0.089405	0.003715	-0.123158	-0.098563	-0.021428	-0.046953	-0.108804	0.864339	-0.125168	0.082684	0.100216	0.091430	0.039816	0.035715	0.072982	-0.038431	-0.155852	-0.091112	-0.032503	0.037980	0.063619	0.012045	0.053276	0.123651	-0.041136	0.043080	-0.015231	0.306738	-0.058071	-0.167488	0.036742	0.017829	0.045506	0.133893	-0.028205	-0.050096	-0.045115	-0.008754	-0.009391	-0.028706	-0.154253	0.070822	0.122518	0.047510	0.044758	-0.120848	0.072684	-0.004662	0.042867	0.149961	0.165871	-0.412737	-0.032055	0.167489	0.011393	-0.022922	-0.087762	0.130918	-0.160690	-0.058429	0.047860	0.384921	0.081152	-0.030690	-0.064350	0.035887	0.064630	-0.067533	-0.147230	0.038507	0.000380	-0.024683	0.021378	-0.087938	-0.112336	0.066225	0.116745	-0.061017	-0.153963	0.075400	0.104806	0.067143	0.048455	-1.613848	-0.012027	0.189018	0.016254	-0.191180	0.057107	0.064504	-0.052298	-0.060876	0.136697	-0.002945	0.086553	-0.034576	-0.058349	0.017560	-0.157895	0.034319	-0.012573	0.074562	-0.049806	0.099529	-0.211663	-0.083281	0.106286
0.000000	-0.114926	0.125859	-0.088324	-0.104409	-0.062577	0.016505	0.012715	0.017003	0.085007	-1.581362	0.077929	-0.074800	-0.072590	0.188343	0.019995	0.109635	-0.116278	-0.001654	-0.009696	-0.054263	0.030298	0.249990	0.152603	0.042744	-0.274130	-0.072032	0.038953	-0.111536	-0.006246	0.012928	-0.022293	0.272022	-0.197378	0.034615	-0.964098	0.133587	-0.053981	0.069232	-0.023588	-0.007725	0.015190	-0.177612	-0.066341	0.020655	0.077279	0.125011	0.209896	0.103897	-0.066330	0.062739	0.078973	-0.147781	0.029376	-0.074412	-0.145130	0.211880	-0.005642	0.196122	0.139422	-0.008536	0.143270	-0.019240	0.197826	0.062673	-0.116859	-0.314444	0.115095	0.010361	0.044632	-0.028016	0.055475	0.020770	0.006650	0.145966	0.012302	-0.045754	0.094938	0.156908	-0.171863	-0.027261	-0.160458	-0.000097	0.232772	0.023802	0.131023	0.071348	-0.124420	0.174982	0.032561	0.081731	-0.172513	0.196394	-0.209031	-0.183906	0.021234	-0.007483	-0.191822	0.006431	-0.016570	-0.204191	0.026726	-0.041713	-0.078695	-0.074272	-0.002994	0.007973	0.128955	0.093522	-0.189077	0.092040	-0.083639	-0.108967	-0.096885	-0.269979	0.114202	0.116769	-0.101907	-0.023617	0.107190	-0.190605	-0.093957	-0.133340	0.115443	0.139272	-0.008507	-0.053644	0.125121	0.163342	0.034990	0.071557	0.144391	0.106883	0.098118	0.008890	-0.081669	0.000952	0.004649	-0.098112	0.003631	0.153182	-0.092850	0.127968	0.067607	0.130738	-0.437155	-0.082063	0.032251	0.034110	-0.105557	0.004233	-0.016794	-0.018046	0.090808	-0.031206	0.212809	0.018087	-0.090628	-0.033583	0.103942	-0.055466	0.085994	-0.198039	0.021158	-0.065199	0.015688	0.109104	-0.014733	0.112949	0.098208	0.085661	0.030215	0.005527	-0.519047	0.019116	-0.046988	0.013146	-0.098111	0.084649	0.061834	0.225866	0.138248	0.120556	0.168796	-0.047036	-0.019443	-0.047823	-0.090576	0.160002	0.060048	0.093999	-0.033405	0.165312	0.063663	-0.109298	0.000329	-0.156453	-0.116720	0.006527	0.050630	-0.135868	0.944494	-0.115493	0.049938	0.089730	0.074594	0.048136	0.008799	0.044129	-0.073518	-0.205025	-0.146113	-0.097283	0.060587	0.072062	0.013357	0.069751	0.052852	0.046396	0.012806	0.062804	0.257760	-0.040881	-0.184996	0.053549	0.004758	-0.012888	0.158491	-0.024539	-0.011134	-0.026830	-0.005715	0.025656	-0.014474	-0.201716	0.066825	0.109596	0.062499	0.043346	-0.070042	0.107786	0.048049	0.036901	0.258272	0.096033	-0.548998	-0.057417	0.214872	0.007059	-0.012364	-0.060040	0.092576	-0.139847	-0.079865	0.005859	0.370660	0.071717	-0.075199	-0.128755	0.092842	0.032422	-0.030112	-0.141353	0.030999	0.030559	-0.080299	0.017936	-0.034990	-0.082065	0.149835	0.095220	-0.014357	-0.165077	0.097849	0.081052	0.062592	0.052688	-1.950750	-0.006910	0.262260	0.003515	-0.194350	0.039811	0.073148	0.003604	-0.082658	0.142773	0.010953	0.112239	-0.052842	-0.049587	0.016127	-0.212681	0.010342	0.028768	0.103813	-0.064520	0.061551	-0.235670	-0.087543	0.044196
0.000000	-0.064862	0.135840	-0.017654	-0.129781	-0.044715	0.013080	-0.050772	0.022880	0.078435	-1.311272	0.084157	-0.044725	-0.099879	0.170980	-0.013005	0.093978	-0.145121	0.030981	-0.006921	0.007267	-0.011169	0.216047	0.144285	0.069502	-0.203499	-0.085509	0.030953	-0.110827	-0.039519	-0.018021	-0.045651	0.185374	-0.205935	0.009189	-0.778153	0.146840	-0.022642	0.030431	-0.075023	0.020719	0.041515	-0.127463	-0.014468	0.037061	0.089754	0.145949	0.168663	0.106097	-0.114448	0.083009	0.061195	-0.133366	0.114752	-0.038416	-0.082454	0.149488	-0.031830	0.115133	0.193360	0.008451	0.141586	-0.051975	0.187710	0.057869	-0.083833	-0.290329	0.058151	0.049549	0.033611	-0.028953	0.064150	0.036059	0.000953	0.069679	-0.089585	0.011870	0.130931	0.169630	-0.172919	-0.055741	-0.146745	0.010761	0.141153	0.006108	0.116863	0.026898	-0.148090	0.199001	0.023780	0.064878	-0.148686	0.125229	-0.152649	-0.118688	-0.010156	0.051994	-0.175580	0.014793	-0.020731	-0.183767	0.048960	0.001590	-0.010825	-0.081035	-0.087372	0.005980	0.072505	0.082276	-0.154508	0.113604	0.008797	-0.040376	-0.122433	-0.237559	0.122428	0.080690	-0.120743	0.023502	0.058223	-0.144022	-0.090276	-0.140379	0.085707	0.157925	-0.045239	-0.042634	0.051303	0.153019	0.073865	0.104069	0.067858	0.136158	0.113417	0.020975	-0.079099	0.002674	0.013018	-0.013323	-0.048701	0.157439	-0.011740	0.134110	0.002536	0.097957	-0.301403	-0.056626	0.014356	0.012307	-0.084217	-0.007277	-0.024627	-0.009174	0.061557	-0.040744	0.158796	-0.031801	-0.072283	-0.063998	0.063932	-0.039823	0.072682	-0.138507	-0.016775	-0.055845	0.033455	0.085025	-0.021745	0.090235	0.072036	0.004974	0.024898	-0.013972	-0.419592	0.010604	-0.060645	-0.014638	-0.070950	0.058671	0.054687	0.139453	0.126731	0.109771	0.155196	-0.036459	0.010161	-0.080511	-0.016345	0.102460	0.055339	0.086754	-0.054865	0.159108	0.019703	-0.092736	0.052168	-0.096844	-0.105013	-0.024581	-0.018772	-0.065530	0.842049	-0.101600	0.066484	0.018074	0.043591	0.081865	0.037281	0.067661	-0.053754	-0.131364	-0.035831	-0.041807	0.077804	0.046794	0.029836	0.073587	0.143702	-0.040395	-0.028523	0.032277	0.194635	-0.046229	-0.201650	0.039054	-0.028837	-0.024690	0.126429	0.003462	-0.032001	-0.026276	0.018481	0.040114	-0.037968	-0.148700	0.109525	0.150957	0.096798	0.046753	-0.117481	0.071174	-0.029791	0.031103	0.197415	0.091516	-0.550271	-0.020494	0.151571	0.031216	-0.023934	-0.135040	0.127957	-0.134934	-0.028270	0.032086	0.274327	0.077794	-0.041350	-0.098893	0.030597	0.060696	-0.025608	-0.129283	0.027137	0.020470	-0.066434	-0.011208	-0.059549	-0.072193	0.148643	0.094001	-0.034098	-0.098327	0.074186	0.140313	0.034034	0.089176	-1.616934	-0.010003	0.185600	0.015451	-0.181096	0.041265	0.028133	-0.021012	-0.063295	0.139668	0.001981	0.069567	-0.012704	-0.022787	0.002250	-0.179636	0.023979	0.028250	0.067390	-0.074758	0.074244	-0.213762	-0.059447	0.057422
1.000000	-0.109775	0.115837	-0.028866	-0.117463	-0.041255	0.023795	-0.059130	-0.013293	0.028736	-1.508083	0.102868	-0.082036	-0.040843	0.146856	0.048034	0.133288	-0.228344	0.028338	0.017722	0.026050	0.051874	0.316053	0.142590	0.057666	-0.242528	-0.062757	0.020182	-0.119201	-0.091552	0.007301	0.035477	0.265641	-0.226481	0.034737	-0.871557	0.123279	-0.059170	-0.000925	-0.135670	-0.004980	0.007727	-0.166944	-0.066337	0.083504	0.101750	0.121062	0.285042	0.122955	-0.105404	0.102444	0.031594	-0.137224	0.059211	-0.029338	-0.092177	0.160234	0.000156	0.217906	0.205947	0.001330	0.139097	-0.019620	0.190802	0.105773	-0.069325	-0.353671	0.052071	0.042331	0.028835	-0.058916	0.074481	-0.000218	-0.016453	0.115505	-0.079227	-0.035461	0.121229	0.124189	-0.158337	-0.076811	-0.124492	-0.011649	0.207135	-0.005708	0.083937	0.089739	-0.119628	0.226558	0.044223	0.108841	-0.156671	0.179565	-0.199002	-0.180546	-0.021948	0.032086	-0.246243	0.001787	-0.019420	-0.250418	0.049035	0.019533	-0.048887	-0.066939	-0.081651	-0.028686	0.136533	0.086443	-0.138987	0.186365	-0.028101	-0.166648	-0.098975	-0.239845	0.112826	0.087017	-0.091405	0.001569	0.011950	-0.170021	-0.061968	-0.091384	0.101282	0.087435	-0.000375	-0.115181	0.118570	0.131208	0.056304	0.037783	0.160719	0.057409	0.123668	-0.055138	-0.041177	0.025202	-0.015294	-0.023971	-0.062783	0.154872	-0.048390	0.116716	0.027878	0.108748	-0.335210	-0.115643	0.024981	0.040084	-0.181498	0.039809	0.063291	-0.032596	0.062909	-0.001030	0.208637	-0.004195	0.004692	-0.033477	0.097210	-0.043265	0.110424	-0.183420	0.003531	-0.104895	-0.013542	0.067985	-0.003335	0.133113	0.082003	0.081334	-0.020179	-0.010006	-0.483983	-0.022721	-0.066020	0.051055	-0.117395	0.050510	0.018337	0.177342	0.113083	0.114453	0.134290	0.000234	0.004680	-0.072379	-0.100359	0.097309	0.067207	0.174954	-0.043856	0.168001	0.056860	-0.074324	-0.023905	-0.125930	-0.090361	-0.029257	0.016701	-0.068210	1.059382	-0.112405	0.057140	-0.027266	0.076164	0.022881	0.011510	0.033899	-0.034540	-0.142474	-0.105292	-0.010786	0.110263	-0.044705	0.006477	0.066293	0.018358	-0.006897	-0.030637	0.014737	0.224540	-0.081727	-0.155041	0.067825	0.057311	0.014546	0.120796	0.016109	-0.030158	-0.027644	-0.009825	0.023482	-0.014996	-0.130730	0.092188	0.102574	0.087054	0.046146	-0.107345	0.081155	0.022026	0.020505	0.266528	0.077326	-0.505437	-0.073184	0.141635	0.055096	-0.024472	-0.094053	0.114404	-0.119730	-0.062127	0.045202	0.330974	0.045400	-0.025364	-0.112470	0.078733	-0.026318	-0.022326	-0.093757	0.068457	0.013117	-0.070440	-0.049277	-0.029043	-0.034959	0.175368	0.106839	-0.071196	-0.161993	0.068231	0.115761	0.058991	0.035226	-1.825417	-0.051130	0.273867	0.103626	-0.193557	0.000357	-0.001875	-0.030137	-0.107256	0.193970	-0.009561	0.121889	-0.007627	-0.030785	0.056244	-0.168584	-0.035874	0.061329	0.075782	-0.036496	0.060765	-0.155554	-0.092743	0.110866
0.000000	-0.050880	0.127147	-0.005620	-0.111313	-0.070120	-0.038350	-0.015811	0.045771	0.027097	-1.309749	0.077095	-0.081616	-0.071575	0.156110	0.008275	0.106397	-0.109643	0.042560	-0.036663	0.024359	0.033238	0.223133	0.136326	0.016853	-0.218649	-0.033701	0.032202	-0.098250	-0.028055	-0.053371	-0.058412	0.209154	-0.203064	0.059090	-0.812165	0.124630	-0.046026	0.020333	-0.060384	0.068998	0.016350	-0.172272	-0.022912	0.084558	0.097051	0.093413	0.227308	0.092634	-0.112262	0.117587	0.112973	-0.116813	0.070446	-0.108174	-0.169126	0.190936	0.034502	0.170935	0.129802	0.010497	0.124504	-0.048853	0.175239	0.107366	-0.100812	-0.296067	0.028936	0.007078	0.008079	-0.036138	0.117254	0.055167	-0.034094	0.121192	-0.070567	0.039806	0.196405	0.145521	-0.205450	-0.037149	-0.132022	-0.003717	0.131869	0.023986	0.081383	-0.014282	-0.163058	0.201005	0.032631	0.031072	-0.166867	0.082704	-0.190251	-0.154476	0.025076	0.043130	-0.199726	0.039984	-0.017805	-0.192243	0.032163	0.011472	-0.039406	-0.076612	-0.076641	-0.075383	0.071937	0.118436	-0.161129	0.179597	0.027293	-0.074001	-0.135763	-0.256017	0.089323	0.061476	-0.135293	0.048508	0.070952	-0.214769	-0.100243	-0.123733	0.123117	0.123249	-0.053873	-0.076253	0.034938	0.181377	0.045045	0.158028	0.098044	0.183927	0.123904	0.031134	-0.083733	-0.027447	0.003205	-0.039342	-0.018140	0.182010	-0.039526	0.129244	0.018173	0.041409	-0.328725	-0.061649	-0.013627	0.044356	-0.050417	0.006351	-0.027234	0.016404	0.096513	-0.018652	0.167935	-0.020155	-0.047340	-0.067285	0.092701	-0.085846	0.104995	-0.121416	-0.050300	-0.110656	-0.006443	0.102655	0.040469	0.155975	0.039329	0.016015	0.004115	0.043648	-0.368003	0.014396	-0.096514	0.002848	-0.000568	0.095116	0.080781	0.151506	0.129183	0.137304	0.165437	-0.016395	-0.031558	-0.065305	-0.030624	0.153786	0.121418	0.110515	-0.061205	0.183451	-0.055630	-0.067459	0.037036	-0.081056	-0.094690	-0.019308	0.022132	-0.113044	0.856537	-0.091270	0.124847	0.079978	0.022062	0.064024	0.052956	0.033710	-0.082443	-0.131993	-0.124645	-0.052899	0.057970	0.031334	-0.029414	0.049842	0.098413	-0.007623	0.004509	0.055571	0.262397	-0.022994	-0.183982	0.000254	0.002477	-0.043577	0.142944	-0.017894	-0.011079	-0.041197	0.016751	0.014557	-0.020111	-0.141768	0.137716	0.133973	0.059671	0.000263	-0.078761	0.051064	-0.050918	-0.004081	0.180561	0.109046	-0.519042	-0.025481	0.163072	-0.008083	-0.066826	-0.153707	0.110396	-0.107143	-0.052244	0.042186	0.311324	0.075288	-0.056544	-0.070528	0.075683	0.045665	-0.036394	-0.152252	-0.025001	-0.009383	-0.028042	-0.025159	-0.057592	-0.019913	0.104127	0.106497	-0.054852	-0.140638	0.077390	0.159973	0.045292	0.058335	-1.692001	-0.041452	0.169750	0.038901	-0.169974	0.032558	0.044683	-0.015463	-0.074055	0.139504	0.030519	0.047762	-0.037967	-0.030889	-0.021375	-0.176531	0.024569	-0.054353	0.062980	-0.072699	0.097583	-0.201148	-0.068469	0.055240
0.000000	-0.074782	0.124317	-0.081639	-0.116496	-0.027378	0.066045	-0.015584	0.048676	0.071143	-1.519438	0.087542	-0.076803	-0.097709	0.172615	0.001778	0.089295	-0.103865	0.023607	-0.012551	0.004951	0.018237	0.290751	0.116540	0.046488	-0.199431	-0.022568	0.005245	-0.151381	-0.006775	0.045153	-0.017890	0.271125	-0.218978	0.009559	-0.853175	0.115594	-0.025590	0.033767	-0.068040	0.060358	-0.028569	-0.213005	-0.057606	0.063702	0.102534	0.108685	0.166446	0.126963	-0.074378	0.088979	0.069428	-0.101500	0.015610	-0.040364	-0.126352	0.244451	0.025693	0.160134	0.170286	0.004558	0.165670	0.023129	0.198440	0.135261	-0.147937	-0.327914	0.038531	0.025279	0.030465	-0.023845	0.066961	-0.004725	-0.012517	0.152824	-0.056250	-0.012640	0.175327	0.129615	-0.158627	-0.032693	-0.115295	-0.007793	0.237141	-0.018734	0.140201	0.040173	-0.151024	0.204210	0.027621	0.074180	-0.134999	0.154503	-0.236948	-0.176846	0.005317	0.079214	-0.215742	-0.002794	-0.010744	-0.220828	0.031214	-0.049911	-0.057889	-0.106969	-0.069526	0.004562	0.130196	0.116316	-0.170793	0.108194	-0.062991	-0.069796	-0.109262	-0.275931	0.076914	0.061749	-0.133461	0.002686	0.045896	-0.185914	-0.089631	-0.132510	0.080034	0.146085	0.031812	-0.074638	0.056801	0.131671	0.026047	0.090758	0.076831	0.056318	0.118752	0.014917	-0.128077	0.020457	-0.012882	-0.066049	-0.013946	0.185942	-0.070032	0.153595	0.087174	0.077512	-0.316049	-0.085273	0.022323	0.061844	-0.085458	0.006678	0.007187	-0.063585	0.041038	0.003015	0.175001	-0.020650	-0.079198	-0.053991	0.090741	-0.060440	0.079335	-0.165158	-0.017556	-0.045026	-0.024763	0.125763	0.019110	0.120929	0.087901	0.078269	0.024731	0.042701	-0.448635	0.008169	-0.054259	0.040866	-0.043972	0.089098	0.075908	0.167739	0.130317	0.072019	0.120402	-0.052366	-0.001125	-0.077165	-0.053591	0.121472	0.130524	0.108803	-0.037951	0.121896	0.016075	-0.097405	-0.022544	-0.134004	-0.081617	0.013678	0.019353	-0.067633	0.935812	-0.048916	0.028395	0.039203	0.093734	0.026319	-0.016844	0.044050	-0.051150	-0.144408	-0.124131	-0.024720	0.039524	0.050302	0.022936	0.063434	0.089095	0.026790	0.033289	0.024647	0.199871	-0.099750	-0.173830	0.044979	0.063472	0.036312	0.128282	0.017287	-0.031708	-0.037340	0.019277	0.006735	-0.043586	-0.209553	0.071912	0.125596	0.040593	0.019095	-0.154276	0.072868	-0.047410	0.032167	0.203688	0.090190	-0.546190	-0.059638	0.179997	0.025904	0.010542	-0.074230	0.086703	-0.154122	-0.090279	0.027538	0.300212	0.055606	-0.028757	-0.157747	0.062289	-0.006765	-0.021497	-0.129693	0.016217	-0.004394	-0.062479	0.036225	-0.058615	-0.024660	0.090370	0.144844	-0.049480	-0.158624	0.107235	0.082330	0.028956	0.080094	-1.807813	-0.024923	0.188606	0.036267	-0.196787	0.032864	0.046983	-0.009385	-0.114464	0.153216	-0.034616	0.052265	-0.031472	-0.088707	-0.030482	-0.192880	-0.023109	0.038499	0.091739	-0.055572	0.103352	-0.236336	-0.051491	0.067609
1.000000	-0.070483	0.143880	-0.014386	-0.137809	-0.102193	0.008172	-0.073976	0.048379	0.063237	-1.247876	0.076115	-0.028991	-0.112420	0.176347	-0.012528	0.125298	-0.140855	0.063653	-0.019788	-0.002584	-0.024074	0.219074	0.066923	0.050802	-0.203350	-0.065586	0.028870	-0.090035	-0.087453	-0.055543	-0.085340	0.218316	-0.177342	0.094688	-0.789489	0.152955	-0.032403	0.045187	-0.055233	0.064787	0.015149	-0.099105	0.019407	0.110638	0.123647	0.167989	0.224389	0.125897	-0.104749	0.075337	0.015715	-0.120134	0.086662	-0.066502	-0.115893	0.136245	-0.028238	0.095157	0.181540	-0.006421	0.163727	-0.047896	0.186798	0.052372	-0.098563	-0.296381	0.061014	0.047616	-0.017541	-0.057340	0.041010	0.061558	0.004529	0.031369	-0.130794	-0.030380	0.184409	0.082292	-0.159344	-0.058961	-0.124104	0.013137	0.124593	0.024198	0.119630	-0.015180	-0.137182	0.138152	0.053209	0.028460	-0.076457	0.104027	-0.164297	-0.097958	-0.012181	0.021544	-0.133578	0.002954	-0.031583	-0.173040	-0.006489	0.020354	0.025149	-0.143430	-0.064764	-0.027310	0.051261	0.131966	-0.195935	0.121364	0.024363	-0.066156	-0.064173	-0.216655	0.077071	0.040960	-0.182654	0.042466	0.048068	-0.146673	-0.105917	-0.106577	0.081175	0.048711	-0.093205	-0.046067	0.050689	0.111492	0.013996	0.154012	0.034445	0.208051	0.008324	0.030775	-0.066387	-0.032375	-0.006688	-0.014929	-0.045967	0.175608	-0.053681	0.122685	-0.007020	0.045433	-0.300779	-0.034000	0.026097	-0.001583	-0.084863	-0.041993	0.077954	0.030546	0.073845	-0.012144	0.168521	-0.063395	-0.105219	-0.036141	0.072529	-0.066158	0.106940	-0.153511	-0.045948	-0.034606	-0.003089	0.084587	-0.019824	0.094432	0.136286	-0.000637	0.036297	-0.055663	-0.400667	0.056842	-0.039141	0.030903	-0.089933	0.020476	0.030550	0.129750	0.132480	0.152810	0.147702	-0.056184	-0.026464	-0.096713	-0.030005	0.059573	0.027928	0.108945	-0.030317	0.197867	-0.032080	-0.119271	-0.041165	-0.105379	-0.118616	0.012300	0.007136	-0.032946	0.814539	-0.100039	0.108608	0.065023	0.059123	0.038866	-0.032817	0.090323	-0.045934	-0.093764	-0.046365	-0.006445	0.033889	0.054831	0.071002	0.072006	0.095996	-0.075399	0.052633	0.039468	0.254085	-0.050281	-0.200590	0.008828	-0.062010	0.034253	0.106276	0.007828	-0.040527	-0.026287	-0.020169	0.038898	-0.055310	-0.132196	0.149443	0.109802	0.075227	0.102290	-0.132025	0.146434	-0.027084	0.046335	0.159402	0.094359	-0.521881	-0.041536	0.146975	-0.027184	0.001733	-0.108276	0.140094	-0.157658	-0.059330	-0.006909	0.252875	0.057039	-0.039852	-0.113674	0.038139	0.133747	-0.061456	-0.131344	0.052975	0.011955	-0.057345	-0.056322	-0.070967	-0.080424	0.155674	0.026598	-0.106189	-0.200641	0.080346	0.143591	0.044431	0.110131	-1.623398	0.018748	0.109351	0.039693	-0.201896	0.030747	0.037237	-0.030148	-0.029448	0.196199	-0.039164	0.067015	0.042487	-0.000272	0.013889	-0.149440	-0.027738	0.035343	0.058195	0.012871	0.123483	-0.202942	-0.111752	0.068767
1.000000	-0.080627	0.086742	-0.050251	-0.182367	-0.054383	0.025905	-0.023894	0.035267	0.007164	-1.394580	0.073077	-0.041756	-0.040094	0.178755	-0.035122	0.101362	-0.147037	-0.001516	-0.013147	0.022171	0.092222	0.218413	0.120873	0.058364	-0.142409	-0.069744	0.050319	-0.087493	-0.001105	-0.025286	-0.005564	0.263069	-0.209966	0.002022	-0.801050	0.110389	-0.033188	-0.060384	-0.082271	0.055237	0.014798	-0.124260	-0.086685	0.054262	0.058936	0.125381	0.279668	0.151840	-0.110075	0.047016	0.031978	-0.152904	0.082639	-0.012473	-0.098886	0.204745	-0.006883	0.095043	0.161274	0.040941	0.200240	0.002308	0.174771	0.056526	-0.070342	-0.286322	0.039538	0.085569	0.047525	-0.061451	0.071961	0.009088	-0.028950	0.082169	-0.058709	0.031728	0.099301	0.087605	-0.159189	-0.076031	-0.129173	0.030391	0.197681	-0.015114	0.088896	0.077179	-0.079065	0.184366	-0.027617	0.123444	-0.084397	0.130733	-0.193815	-0.145011	-0.006434	0.045268	-0.175700	-0.007774	-0.021376	-0.203845	0.068988	0.035387	-0.104361	-0.094898	-0.066752	0.017954	0.132099	0.141180	-0.115937	0.077480	-0.057016	-0.069529	-0.023154	-0.289265	0.066234	0.059560	-0.105039	0.021708	0.008007	-0.174085	-0.072493	-0.106598	0.142427	0.102701	0.015105	-0.038819	0.047638	0.122928	0.065415	0.050268	0.113423	0.116317	0.064945	-0.042024	-0.045734	-0.010383	-0.044831	-0.018473	-0.020428	0.109283	-0.033070	0.163309	0.014958	0.124456	-0.284691	-0.123691	0.008017	0.017208	-0.098808	0.006759	-0.017103	-0.005787	0.070646	-0.028999	0.154011	0.005549	-0.041306	-0.002447	0.091563	-0.029153	0.039239	-0.112265	-0.004993	-0.042096	0.008624	0.117133	-0.029557	0.083700	0.101977	0.036935	0.023190	0.065552	-0.457358	0.020839	-0.073598	0.029431	-0.088393	0.064794	0.046538	0.134134	0.117045	0.088254	0.188118	-0.020395	0.039938	-0.077883	-0.037480	0.152481	0.063980	0.121426	0.031319	0.114024	0.049519	-0.103395	-0.003282	-0.155537	-0.089322	0.001886	-0.051102	-0.062383	0.959373	-0.073565	0.097406	0.054647	0.038856	-0.023577	0.005424	0.036850	-0.053804	-0.131011	-0.109913	-0.006583	0.053206	-0.041378	-0.023235	0.059669	0.042387	-0.006352	-0.021106	0.012219	0.201651	-0.025953	-0.128783	0.069349	-0.048082	-0.028250	0.075785	-0.057821	-0.051006	-0.056456	0.045122	0.024307	-0.019699	-0.148245	0.089552	0.061750	0.084558	0.043726	-0.105248	0.097274	-0.005774	-0.022912	0.200156	0.068753	-0.456063	-0.034732	0.103257	0.095626	-0.035053	-0.064442	0.116772	-0.085112	-0.030657	0.017573	0.242900	0.069114	-0.005044	-0.126723	0.065604	0.038453	-0.004666	-0.127724	0.064075	0.014146	-0.015562	0.003877	-0.029637	-0.051681	0.131915	0.115325	-0.075000	-0.135250	0.102151	0.084089	0.072511	0.045299	-1.650190	-0.013965	0.151720	0.061335	-0.170777	0.005576	-0.041106	-0.024694	-0.065932	0.149008	0.009815	0.135019	0.008258	-0.063588	-0.029059	-0.152024	-0.085673	0.040568	0.100006	-0.042201	0.075935	-0.205396	-0.110904	0.131505
1.000000	-0.093553	0.147235	-0.020244	-0.148631	-0.040479	0.080326	-0.016495	0.087559	0.034169	-1.540589	0.080118	-0.083206	-0.103349	0.138826	-0.017382	0.033999	-0.178540	-0.018659	0.021225	-0.090413	0.020648	0.283137	0.160952	0.110447	-0.193996	-0.039062	0.044209	-0.112426	-0.129634	0.081020	0.018598	0.290120	-0.245017	0.009774	-0.834395	0.187978	-0.010316	-0.040830	-0.058341	0.017946	0.027930	-0.106900	-0.064874	0.072410	0.083230	0.084064	0.185755	0.093127	-0.075784	0.071808	0.075724	-0.116328	0.043836	-0.107267	-0.100301	0.181277	-0.054103	0.202052	0.165625	0.045397	0.130340	-0.029802	0.254349	0.086230	-0.115232	-0.284564	0.087376	-0.011158	0.029172	0.022351	0.018294	0.027408	-0.008874	0.092351	-0.014146	-0.021988	0.102844	0.146158	-0.166385	-0.052895	-0.153612	-0.033974	0.128060	-0.016012	0.146629	0.055530	-0.113672	0.155471	-0.026617	0.133870	-0.110326	0.210001	-0.165409	-0.136006	0.024014	0.117172	-0.194966	-0.008417	0.018429	-0.237328	0.017101	-0.013352	-0.071573	-0.100561	-0.144913	0.013834	0.121151	0.063739	-0.131528	0.128167	-0.053812	-0.141690	-0.098545	-0.176555	0.092654	0.103447	-0.052015	0.023930	-0.019370	-0.186755	-0.104729	-0.117320	0.076849	0.129979	-0.000378	-0.078657	0.124524	0.084695	0.063141	-0.011253	0.105696	0.115007	0.062289	-0.010919	-0.074353	-0.001159	0.017141	0.011161	-0.001767	0.168155	-0.052579	0.152109	0.041367	0.088698	-0.318366	-0.114471	-0.001185	0.028864	-0.105243	0.046215	0.048642	-0.101385	0.035142	0.001897	0.223204	-0.030997	-0.054413	-0.032227	0.074166	-0.065519	0.078996	-0.174301	-0.011440	-0.061683	-0.020694	0.125329	-0.029350	0.116431	0.059323	0.089027	0.056685	0.041723	-0.513155	0.052635	-0.044573	0.007622	-0.105937	0.054695	-0.031596	0.208918	0.052101	-0.009600	0.110792	-0.004507	0.009713	-0.071598	0.024813	0.049147	0.055140	0.090680	-0.009432	0.164406	0.011859	-0.042983	-0.051043	-0.134309	-0.077107	-0.016097	-0.024972	-0.086176	0.868607	-0.066724	0.017644	-0.014293	0.093878	0.026230	-0.040768	0.022896	-0.021170	-0.164975	-0.031682	-0.015506	0.115018	0.023406	0.036176	0.082416	0.116743	0.019966	-0.021881	-0.005805	0.208629	-0.069319	-0.177562	0.025600	0.014543	0.033851	0.028489	0.045128	-0.034457	-0.042831	0.027636	-0.003646	0.017722	-0.083888	0.069890	0.105077	0.026033	0.033031	-0.152803	0.125847	-0.032699	0.091203	0.241543	0.105820	-0.595794	-0.073866	0.149440	0.045165	-0.036846	-0.068077	0.093552	-0.140599	-0.082841	-0.021210	0.201645	0.051480	-0.090480	-0.102134	0.054150	0.060335	-0.049566	-0.079353	0.051823	-0.008947	-0.061199	0.015601	-0.040962	-0.048401	0.114706	0.117087	-0.002583	-0.081526	0.060720	0.091633	-0.026682	0.120161	-1.799460	-0.008949	0.219896	0.059446	-0.181001	0.020309	-0.015714	0.023148	-0.077926	0.127969	-0.006746	0.102726	0.010690	-0.068537	-0.037380	-0.136490	-0.060104	0.080701	0.083047	0.042868	0.013460	-0.203739	-0.103378	0.059226
1.000000	-0.081951	0.130241	-0.073777	-0.078114	-0.099793	0.004971	-0.012334	0.052191	0.028450	-1.278177	0.067265	-0.086659	-0.061035	0.139176	-0.027609	0.089570	-0.126033	0.007714	-0.026651	0.003021	0.035244	0.224100	0.112602	0.039362	-0.239710	-0.070799	0.029554	-0.070017	-0.058103	-0.024443	-0.057201	0.204236	-0.177317	0.026818	-0.801394	0.163751	-0.027108	0.000220	-0.104041	0.013645	-0.019455	-0.118920	-0.062287	0.041342	0.092750	0.084711	0.219099	0.053309	-0.094928	0.058058	0.050859	-0.102033	0.032360	-0.032031	-0.130825	0.182307	0.001619	0.145659	0.107419	-0.018024	0.116874	-0.004980	0.106749	0.060512	-0.086706	-0.258782	0.063214	0.036072	0.043164	-0.057997	0.068026	0.063603	-0.018930	0.131475	-0.035111	0.004625	0.153193	0.112212	-0.143364	-0.074564	-0.157430	0.024585	0.172426	-0.018464	0.080620	0.006321	-0.136563	0.178503	0.056428	0.064040	-0.129709	0.088971	-0.148108	-0.164392	-0.012666	0.017959	-0.191571	0.012115	-0.030313	-0.193444	0.047196	-0.028463	-0.037596	-0.066873	-0.066978	-0.052658	0.077314	0.097431	-0.167388	0.089480	0.001793	-0.083892	-0.104908	-0.197087	0.066077	0.089660	-0.132446	0.044516	0.059816	-0.187847	-0.038844	-0.124141	0.120284	0.093011	-0.034399	-0.066116	0.077986	0.128557	0.041953	0.098032	0.085725	0.148208	0.041181	0.039858	-0.074783	-0.026683	0.018843	-0.039874	0.004675	0.132654	-0.031887	0.132063	0.003132	0.089627	-0.318052	-0.041574	-0.046272	0.003330	-0.050613	0.008483	-0.000142	0.030824	0.105458	-0.020788	0.163470	-0.021865	-0.074054	-0.064037	0.112108	-0.054896	0.059263	-0.137767	-0.036779	-0.060022	0.020554	0.091224	-0.028610	0.113842	0.076992	-0.005075	0.031696	0.063927	-0.388274	0.026702	-0.048912	-0.034437	-0.040255	0.077978	0.053742	0.144488	0.091951	0.112743	0.165927	-0.041020	-0.010232	-0.080235	0.026786	0.104982	0.100833	0.089605	-0.000408	0.166354	0.029083	-0.075571	-0.007021	-0.120473	-0.097116	0.021827	0.008669	-0.066968	0.878302	-0.094529	0.111068	0.082040	0.042779	-0.004472	-0.008667	0.050025	-0.086243	-0.155824	-0.078621	-0.069371	0.053069	0.069494	-0.005039	0.069289	0.112141	-0.011213	0.017959	0.011631	0.213155	-0.028299	-0.211946	0.032176	-0.042616	-0.037852	0.110348	0.013343	-0.023732	-0.020560	0.020938	0.036198	-0.027316	-0.129472	0.118204	0.118704	0.043724	0.015561	-0.109603	0.055914	0.011238	-0.005543	0.154032	0.072974	-0.504655	-0.040425	0.111220	0.040656	-0.038903	-0.099892	0.116656	-0.124512	-0.042534	0.019331	0.244093	0.051619	-0.029489	-0.085979	0.075470	0.034403	-0.000803	-0.119080	0.032025	0.023667	-0.056046	-0.003433	-0.036897	-0.077882	0.127197	0.084142	-0.037034	-0.124362	0.067815	0.073775	0.000096	0.058944	-1.618464	-0.002200	0.156895	0.004939	-0.162974	-0.000004	0.021033	0.003278	-0.087885	0.137620	0.000016	0.045402	-0.037625	-0.037129	-0.025891	-0.163371	-0.017730	0.017057	0.076318	-0.053028	0.084926	-0.214575	-0.074819	0.103321
0.000000	-0.122392	0.097728	-0.017001	-0.156421	-0.075089	-0.009279	-0.016209	0.004472	0.107240	-1.383661	0.084408	-0.075316	-0.098562	0.152345	0.051645	0.137305	-0.176620	0.022361	-0.041366	0.046251	0.006394	0.221710	0.104854	0.113937	-0.243970	-0.048907	0.020480	-0.101711	-0.094874	0.027867	-0.089806	0.236578	-0.184449	0.035002	-0.779381	0.192336	-0.046360	0.077182	-0.049329	0.034817	-0.010556	-0.108135	-0.008900	0.081940	0.078950	0.063118	0.161798	0.119236	-0.060890	0.090614	0.015496	-0.095337	0.029754	-0.077247	-0.106054	0.167734	-0.013958	0.140194	0.234142	-0.009806	0.126745	-0.001077	0.132841	0.006022	-0.099954	-0.275270	0.045758	0.029721	0.006659	-0.062951	0.080377	0.044531	-0.032939	0.121806	-0.057441	-0.040465	0.133626	0.053408	-0.132969	-0.047248	-0.103693	-0.015214	0.152980	0.015625	0.098753	0.037068	-0.111539	0.163678	0.029520	0.030785	-0.154146	0.133596	-0.192740	-0.178606	-0.033690	0.039138	-0.151278	-0.011566	0.039045	-0.209726	0.082488	0.005928	-0.039704	-0.098362	-0.069499	-0.005342	0.095170	0.070122	-0.189310	0.144570	-0.021226	-0.105943	-0.089985	-0.223394	0.070401	0.081382	-0.123943	0.059256	0.014668	-0.156431	-0.085467	-0.093746	0.071937	0.095471	-0.059043	-0.076159	0.077769	0.177363	0.051284	0.099425	0.046306	0.166574	0.077875	0.032892	-0.093935	0.012724	-0.020077	-0.034895	-0.055111	0.136132	-0.021555	0.123923	-0.030535	0.117269	-0.296083	-0.054716	0.037843	0.037865	-0.077312	-0.023720	0.037395	-0.051080	0.067612	-0.013385	0.191240	-0.037260	-0.076793	-0.086866	0.097572	-0.023572	0.083509	-0.170773	-0.027372	-0.056682	0.030490	0.083278	0.028377	0.164671	0.094617	0.048154	0.084202	0.016140	-0.445587	0.013044	-0.017173	0.005953	-0.034274	0.031614	0.068344	0.173322	0.072084	0.106294	0.163746	-0.049756	0.014846	-0.131555	0.038907	0.041338	0.069869	0.046516	-0.039594	0.183284	0.065622	-0.116399	-0.006550	-0.136321	-0.103688	0.006249	0.037996	-0.023959	0.857288	-0.085600	0.091509	0.058897	0.031141	0.052747	0.018895	0.071887	-0.060039	-0.129881	-0.091303	-0.014719	0.030916	0.039012	-0.001341	0.016203	0.101080	0.021260	0.023741	0.040086	0.247174	-0.012691	-0.127861	0.052039	-0.040212	0.012085	0.107921	0.013488	-0.003507	-0.080442	-0.001125	0.037052	-0.057602	-0.193714	0.082634	0.129105	0.071324	0.032377	-0.085958	0.062043	-0.036471	0.006259	0.231564	0.095382	-0.528665	-0.091332	0.211240	-0.010989	-0.005649	-0.067198	0.119030	-0.120320	-0.011717	-0.017617	0.286340	0.023322	-0.035838	-0.148456	0.135385	0.084142	-0.031144	-0.095689	0.032796	0.030632	-0.034206	-0.044279	-0.068685	-0.033497	0.143280	0.073065	-0.010237	-0.100512	0.055535	0.122570	0.068125	0.108119	-1.733471	-0.056881	0.221619	-0.015976	-0.177747	0.040497	0.047016	-0.045824	-0.016933	0.177928	-0.046177	0.079427	-0.043901	0.010298	-0.022014	-0.187814	-0.008402	0.066708	0.141472	-0.015325	0.085451	-0.191563	-0.071553	0.101234
1.000000	-0.112364	0.134178	-0.037270	-0.150361	-0.028121	-0.017112	-0.075159	0.031764	0.032543	-1.336138	0.069166	-0.066730	-0.118649	0.218303	-0.007604	0.116970	-0.116076	0.030669	-0.088190	-0.029769	-0.025083	0.214522	0.123322	0.069380	-0.206506	-0.055543	0.023968	-0.132564	-0.089090	-0.037962	-0.050497	0.219892	-0.201874	0.114269	-0.841010	0.133660	0.011834	0.074339	-0.047365	0.007945	-0.000421	-0.138930	-0.033224	0.090393	0.109468	0.135168	0.186063	0.193908	-0.109938	0.070326	0.066672	-0.137604	0.074196	-0.091447	-0.161589	0.152323	-0.036699	0.205032	0.173744	0.033189	0.116984	-0.039526	0.229961	0.088196	-0.085298	-0.311328	0.029893	0.039525	0.004941	-0.013713	0.100059	0.048636	-0.029201	0.080061	-0.100915	-0.006355	0.163949	0.137545	-0.195646	-0.040471	-0.136482	0.102264	0.224236	-0.042750	0.156285	0.045361	-0.196205	0.184242	0.025028	0.060889	-0.117127	0.124601	-0.159831	-0.108054	0.018817	0.066615	-0.106642	0.004245	0.009207	-0.131067	0.041288	-0.001013	-0.018708	-0.113536	-0.041559	0.014117	0.087692	0.136523	-0.184294	0.074652	0.041082	-0.010016	-0.084437	-0.252018	0.085637	0.014735	-0.154338	0.000905	0.064973	-0.184604	-0.060992	-0.113261	0.094409	0.130239	-0.034696	-0.077142	0.012841	0.171036	0.024733	0.152784	0.116500	0.156163	0.044240	0.031591	-0.026543	0.024400	0.004955	-0.030516	-0.050072	0.183504	0.001736	0.169398	0.028860	0.070078	-0.264646	-0.060272	0.045451	0.018008	-0.138475	-0.035532	0.018354	0.011849	0.080859	0.021678	0.175413	-0.037023	-0.108302	-0.054331	0.080198	-0.054975	0.105726	-0.116024	-0.006171	-0.028630	0.017757	0.153225	-0.013642	0.121418	0.103070	0.028444	-0.034130	-0.053265	-0.401409	-0.014805	-0.022127	0.044619	-0.079747	0.076940	0.076599	0.146166	0.133733	0.153461	0.182556	-0.018613	0.007389	-0.051336	-0.073745	0.122245	0.068933	0.094319	-0.068288	0.180654	-0.024961	-0.108160	0.024813	-0.075081	-0.082660	0.052515	-0.065405	-0.059221	0.860433	-0.105040	0.092025	0.076407	0.073255	0.080968	0.004901	0.125466	-0.052521	-0.070437	-0.063295	-0.020002	0.049950	0.075585	0.012632	0.051463	0.103772	-0.016460	0.063105	0.046223	0.219173	-0.111565	-0.232046	0.030951	-0.023050	-0.026073	0.098821	-0.022859	-0.033693	-0.045558	-0.060402	-0.020389	-0.029870	-0.166947	0.108808	0.139825	0.041741	0.002276	-0.097866	0.068177	-0.073790	0.064827	0.212595	0.066928	-0.533443	0.014854	0.132450	0.021428	0.007521	-0.136156	0.109025	-0.121195	0.002195	-0.006255	0.314692	0.084920	-0.062663	-0.053959	0.059224	0.127575	-0.100158	-0.114377	0.056143	-0.001231	-0.086825	0.006089	-0.120002	-0.097986	0.157043	0.080889	-0.085302	-0.137608	0.118028	0.093767	0.060314	0.076325	-1.724213	0.027664	0.173264	-0.006732	-0.192782	0.034325	0.023535	0.015009	-0.040862	0.127972	0.020523	0.047048	0.022389	-0.036833	-0.019811	-0.181359	0.030561	0.019612	0.083049	-0.083090	0.055749	-0.202660	-0.093586	0.039776
1.000000	-0.072901	0.156273	0.035806	-0.082081	-0.095828	-0.032809	-0.038041	0.034366	0.023534	-1.182461	0.091357	-0.095225	-0.129942	0.237298	0.008168	0.164869	-0.138444	0.044302	-0.040984	0.007013	-0.003471	0.245664	0.065568	0.077979	-0.185206	-0.051400	0.029340	-0.150939	-0.084302	0.009555	-0.069211	0.203239	-0.177350	0.112614	-0.755439	0.114492	-0.010592	0.081114	-0.091526	-0.000944	0.033230	-0.137132	0.004558	0.068565	0.089474	0.126451	0.196583	0.145375	-0.125167	0.074791	0.054356	-0.120501	0.056674	-0.059100	-0.143335	0.123073	-0.020591	0.205794	0.198939	-0.034890	0.096754	-0.032277	0.168506	0.017154	-0.107992	-0.322909	0.047058	0.030616	-0.018429	-0.100307	0.085594	0.056719	0.023520	0.054622	-0.111552	0.023834	0.220158	0.145587	-0.162220	-0.055273	-0.143633	0.039802	0.187016	0.032719	0.123835	0.020837	-0.163018	0.149380	0.029068	0.065420	-0.066200	0.119575	-0.143879	-0.094291	-0.026914	0.033706	-0.123505	0.038693	-0.081030	-0.116988	0.053744	0.008325	0.037179	-0.108235	-0.064001	-0.023902	0.083805	0.136669	-0.202735	0.031997	0.039641	-0.039065	-0.086174	-0.195213	0.104881	0.010379	-0.169553	0.053631	0.097419	-0.171586	-0.111600	-0.073396	0.050851	0.083243	-0.091385	-0.062321	0.044625	0.121140	0.021303	0.111928	0.051836	0.155492	0.039813	0.008803	-0.094055	-0.019314	-0.001673	-0.001722	-0.024345	0.204140	-0.053508	0.145877	0.024670	0.043886	-0.224446	-0.049336	0.035480	-0.022620	-0.098172	-0.039629	0.076089	0.060432	0.085539	0.033723	0.131148	-0.069389	-0.052890	-0.042949	0.034990	-0.074239	0.082974	-0.106807	-0.038400	-0.048476	0.004485	0.109761	-0.039018	0.058048	0.143325	0.008632	0.029032	-0.015904	-0.421818	0.006835	-0.047602	0.047633	-0.104062	0.001550	0.056115	0.102820	0.152189	0.147776	0.121223	-0.055513	-0.021296	-0.113032	-0.028421	0.067425	0.028354	0.126000	-0.053440	0.200697	-0.040001	-0.076076	-0.000524	-0.124547	-0.131027	0.001778	0.002748	-0.059410	0.792116	-0.106621	0.054911	0.069298	0.075523	0.033690	0.026861	0.081764	-0.040931	-0.099680	-0.012918	-0.005502	0.058248	0.051301	0.051621	0.042095	0.076471	-0.037896	0.029448	0.085749	0.250796	-0.094658	-0.162314	0.040895	-0.068947	0.003516	0.128148	-0.052409	-0.013719	-0.014881	-0.005171	-0.021128	-0.022146	-0.142104	0.193082	0.147084	0.101960	0.037768	-0.130932	0.097197	-0.071218	0.052873	0.158785	0.091012	-0.460231	-0.020027	0.116082	0.014617	0.032215	-0.130188	0.134131	-0.111902	-0.059597	-0.007162	0.309991	0.077995	-0.091746	-0.108463	0.094773	0.088500	-0.041213	-0.075780	0.078012	0.023011	-0.079115	-0.030362	-0.052783	-0.061448	0.161151	0.039949	-0.111774	-0.211725	0.052661	0.164177	0.078326	0.109627	-1.573305	-0.033195	0.113080	0.033081	-0.243385	0.036289	0.042777	-0.034818	-0.016621	0.205498	-0.037491	0.058400	-0.011036	0.006891	-0.010039	-0.147793	0.022871	0.074404	0.049153	-0.018231	0.118994	-0.184153	-0.129387	0.084519
1.000000	-0.171705	0.150970	0.021580	-0.134861	-0.033367	0.056592	-0.033663	0.105354	0.059021	-1.548128	0.127365	-0.047088	-0.103807	0.200351	0.003492	0.050866	-0.193967	-0.030672	0.000706	-0.055501	0.000929	0.312816	0.115861	0.142817	-0.246960	-0.050761	-0.015209	-0.088354	-0.100805	0.074883	-0.024385	0.277874	-0.222154	0.073413	-0.839074	0.132404	-0.005915	0.014331	-0.110853	0.008398	0.068060	-0.097208	-0.069970	0.060559	0.048534	0.099706	0.199677	0.125750	-0.125100	0.063770	0.012001	-0.211702	0.075883	-0.075742	-0.126736	0.159928	-0.030846	0.209177	0.172923	-0.052881	0.088612	0.011269	0.284295	0.013837	-0.136783	-0.351168	0.029460	0.043397	-0.063642	-0.015792	0.019849	0.017287	0.026499	0.064338	-0.039708	-0.079287	0.178108	0.158656	-0.174295	-0.025035	-0.157511	-0.007296	0.138905	-0.033191	0.123960	0.038747	-0.090786	0.145917	0.049480	0.081920	-0.180620	0.196894	-0.155820	-0.121395	0.015198	0.080689	-0.176262	0.029016	0.016289	-0.227244	0.071429	-0.007340	-0.008592	-0.087561	-0.073330	0.012652	0.135761	0.103630	-0.167958	0.078703	0.001044	-0.097319	-0.085159	-0.221948	0.088047	0.034256	-0.176769	0.019223	0.044893	-0.230509	-0.087395	-0.064534	0.083833	0.137398	-0.029312	-0.059690	0.110246	0.142278	0.079180	0.044858	0.058033	0.111669	0.057261	0.018013	-0.033911	0.024213	-0.007714	-0.002515	-0.004964	0.164588	-0.078219	0.127152	0.018028	0.095902	-0.347179	-0.077897	0.025332	0.034924	-0.121473	0.072748	0.105324	-0.051766	0.111593	-0.011465	0.210552	-0.032069	-0.103615	-0.053840	0.097899	-0.035823	0.128797	-0.163797	0.003733	-0.036100	-0.004963	0.082362	-0.029806	0.083597	0.057064	0.023920	0.104046	-0.004624	-0.594442	0.062235	-0.031630	-0.001560	-0.132724	0.048860	-0.026216	0.222212	0.043275	0.075171	0.154265	-0.039947	-0.009651	-0.048896	-0.035233	0.078708	0.055803	0.072063	-0.038762	0.181525	-0.038104	-0.051347	-0.079774	-0.124250	-0.079956	-0.006305	0.000451	-0.092797	0.921621	-0.061314	0.056225	0.042368	0.066206	0.042721	-0.023431	0.027910	-0.076665	-0.138128	-0.047048	-0.108717	0.122322	0.029732	0.106187	0.060663	0.052988	0.011606	-0.024107	0.026431	0.214894	-0.053098	-0.236934	0.062770	0.002296	0.011854	0.117098	0.020437	-0.039142	-0.062903	-0.004379	0.005024	-0.010542	-0.015949	0.126370	0.174553	0.050765	0.072832	-0.180780	0.105484	-0.006177	0.053869	0.247881	0.047461	-0.628949	-0.040654	0.193470	0.053915	-0.039106	-0.112431	0.089113	-0.107815	-0.065776	-0.005365	0.290177	0.019852	-0.102499	-0.124424	0.077123	0.037844	-0.049240	-0.118100	0.096494	0.034568	-0.151633	0.010275	-0.035781	-0.026643	0.199537	0.096805	-0.053343	-0.170918	0.102491	0.084799	0.039173	0.106058	-1.916045	-0.007128	0.280038	0.103486	-0.142643	0.042929	-0.005817	0.026819	-0.106188	0.179079	-0.038283	0.127800	0.028664	0.042935	0.028976	-0.173775	-0.007755	0.054204	0.059912	0.026671	0.042907	-0.247391	-0.146242	0.062858
0.000000	-0.106349	0.103989	-0.088671	-0.128758	-0.050741	-0.019490	-0.006325	0.066348	0.035494	-1.651016	0.074069	-0.068471	-0.064294	0.134529	0.011740	0.064995	-0.100797	-0.014942	-0.053804	-0.074718	0.004839	0.167205	0.203714	0.024325	-0.223445	-0.049383	0.049041	-0.095204	-0.047832	-0.008349	-0.024837	0.272154	-0.157887	0.031069	-0.965360	0.026665	-0.045893	0.029874	-0.062798	0.008615	-0.038420	-0.171927	-0.099630	0.058999	0.082020	0.102920	0.176402	0.140772	-0.088287	0.087949	0.083904	-0.150308	0.017288	-0.042389	-0.124390	0.218506	0.061742	0.197965	0.137471	-0.030370	0.107644	0.005502	0.177406	0.049814	-0.104378	-0.362806	0.028517	0.064799	0.037987	-0.074343	0.094207	0.035783	-0.057653	0.133799	-0.025183	0.027307	0.124308	0.086466	-0.172635	-0.053181	-0.097361	0.002733	0.219494	0.028833	0.089393	0.065763	-0.098427	0.179092	0.050692	0.092036	-0.136900	0.155507	-0.250129	-0.126518	-0.006843	0.027643	-0.228766	0.009786	0.035207	-0.249687	0.054015	-0.031393	-0.039365	-0.027836	-0.059666	-0.023066	0.121548	0.119721	-0.136474	0.154353	-0.034548	-0.149759	-0.083148	-0.222226	0.095902	0.120818	-0.076761	-0.003809	0.067391	-0.194905	-0.046814	-0.142254	0.085692	0.100116	-0.007815	0.042629	0.089877	0.106751	0.057011	0.050587	0.061376	0.093981	0.090667	0.001892	-0.065765	0.002713	-0.015408	-0.080653	0.011443	0.217880	-0.073663	0.106448	0.031132	0.130679	-0.392379	-0.044126	0.037701	0.027606	-0.078939	-0.018695	0.125789	-0.029086	0.115421	0.006207	0.221441	0.067086	-0.060567	-0.032896	0.110507	-0.109788	0.074296	-0.227606	-0.041860	-0.058890	0.018816	0.131409	-0.012260	0.099509	0.066080	0.134624	0.032623	0.054970	-0.499256	0.027729	-0.029605	0.008176	-0.048891	0.045106	0.070982	0.348779	0.051528	0.144083	0.078743	-0.009694	-0.018925	-0.060643	-0.134616	0.153998	0.088524	0.102991	-0.075478	0.170204	0.072433	-0.105212	-0.009532	-0.162261	-0.059608	0.001347	0.045314	-0.070363	0.923054	-0.085358	0.085062	0.139718	0.055161	0.034832	-0.076830	0.068368	-0.061245	-0.165745	-0.115329	-0.052340	0.055813	0.029416	0.007032	0.055716	0.056054	0.046141	0.032932	0.018376	0.296963	-0.097471	-0.159284	0.063607	0.023151	0.034416	0.129568	0.000965	-0.021327	-0.027659	-0.016114	0.023721	-0.032422	-0.159221	0.039546	0.104137	0.072536	0.042204	-0.042108	0.076987	-0.035227	0.031484	0.273675	0.112563	-0.526170	-0.071113	0.205352	-0.025774	-0.023685	-0.008609	0.076420	-0.118664	-0.042972	0.014639	0.335712	0.069530	-0.043020	-0.104956	0.077448	0.058764	-0.037769	-0.123986	-0.007230	-0.001202	-0.061500	0.038928	-0.072384	-0.109361	0.124691	0.124457	-0.039813	-0.069557	0.089930	0.052381	0.029287	0.023473	-1.900190	-0.048857	0.296973	0.052886	-0.218978	0.011781	0.046535	-0.027145	-0.072312	0.131281	-0.012205	0.104028	-0.037595	-0.048432	-0.027439	-0.198325	-0.000520	-0.018336	0.153128	0.040262	0.013019	-0.268519	-0.076812	0.073104
0.000000	-0.123761	0.065698	-0.040972	-0.101043	-0.123845	0.026259	-0.028960	0.004191	0.085768	-1.443687	0.063953	0.013178	-0.062663	0.079233	0.035254	0.109383	-0.129024	-0.006164	-0.006669	-0.086726	0.035184	0.172998	0.129079	0.085562	-0.207546	-0.071494	0.006761	-0.038220	-0.001078	0.023267	-0.070656	0.224626	-0.143501	0.013989	-0.823402	0.058752	-0.049145	-0.003984	-0.070657	-0.018963	-0.026396	-0.054637	-0.043753	0.114908	0.051193	0.104404	0.149016	0.113607	-0.113177	0.022963	0.056899	-0.124449	0.038385	-0.015297	-0.105182	0.141264	-0.051340	0.160560	0.099339	-0.034092	0.111458	0.016543	0.159163	0.033676	-0.092720	-0.268366	0.097997	0.034921	0.035557	-0.025065	0.061611	0.016421	0.046008	0.041482	-0.023730	0.016021	0.091495	0.106813	-0.137653	-0.029688	-0.090228	0.000894	0.140629	-0.024022	0.097815	0.021238	-0.089881	0.137351	0.019600	0.054985	-0.201152	0.118829	-0.181178	-0.133677	0.041429	0.006440	-0.213556	-0.002734	0.020532	-0.268840	0.061042	-0.026444	-0.012903	-0.009675	-0.051294	-0.054023	0.133554	0.051475	-0.093731	0.040835	0.024069	-0.111434	-0.085481	-0.155486	0.126955	0.071991	-0.092763	-0.003312	0.056598	-0.199359	-0.023357	-0.032667	0.066851	0.074044	0.001023	-0.053949	0.048419	0.094029	0.074561	0.021482	0.053043	0.080619	0.093750	-0.062520	-0.025725	0.024455	0.041058	-0.027354	0.001063	0.124258	-0.065398	0.109143	0.054704	0.094887	-0.350154	-0.112337	0.018145	0.040723	-0.051400	0.009949	0.173158	-0.035760	0.110307	-0.067715	0.182013	0.054707	-0.042347	-0.028074	0.054151	-0.109068	0.131245	-0.115442	-0.007787	-0.056231	-0.051589	0.099778	-0.013718	0.103485	0.032133	0.108560	0.048840	-0.004683	-0.490401	0.039688	-0.030980	-0.018670	-0.034647	0.041872	0.052703	0.254283	0.061271	0.063157	0.076506	-0.000765	-0.077622	-0.080905	-0.134703	0.112125	0.089038	0.057806	-0.050387	0.106076	0.014319	-0.090357	-0.024816	-0.092839	-0.018057	-0.026298	0.055135	-0.087454	0.778057	-0.112116	0.025141	0.075391	0.081771	0.022505	-0.058234	0.082265	-0.067726	-0.176419	-0.100666	-0.113936	0.048509	0.030407	0.018415	0.063767	0.083629	0.089486	-0.025634	0.091447	0.119506	-0.003762	-0.118906	0.069875	-0.027254	-0.012508	0.108646	0.081456	0.024677	-0.054346	-0.038319	0.059748	-0.034382	-0.140650	0.068529	0.080401	0.085602	-0.011735	-0.087099	0.108317	0.040048	0.030913	0.234421	0.045714	-0.493939	-0.009884	0.152244	-0.057214	-0.031151	-0.038811	0.077740	-0.079655	-0.014828	0.008748	0.271429	0.043074	-0.052866	-0.071757	0.094813	0.034067	0.000637	-0.130747	0.063501	0.046208	-0.067646	0.011445	-0.016765	-0.027245	0.076308	0.022529	0.006301	-0.101551	0.068485	0.078727	0.027540	0.038791	-1.758519	0.005774	0.370568	0.020157	-0.114808	0.004761	-0.006684	0.023769	-0.074717	0.122562	0.029769	0.091076	0.024575	-0.016852	0.015355	-0.142989	-0.023305	0.017654	0.057150	0.074486	0.039394	-0.184920	-0.132333	0.030745
0.000000	-0.062017	0.116239	-0.065995	-0.022716	-0.068770	-0.052086	-0.091521	-0.037373	0.102113	-1.324953	0.069703	-0.112487	-0.115364	0.166130	-0.060283	0.133396	-0.055873	-0.001979	-0.012004	0.081709	0.035057	0.287387	0.110456	-0.049489	-0.231411	-0.105724	0.042824	-0.157131	-0.007029	-0.076456	-0.109768	0.281239	-0.147717	-0.032473	-0.923750	0.093816	-0.079323	0.045324	-0.047918	0.076386	0.043416	-0.242038	-0.063230	-0.019602	0.106732	0.128375	0.272246	0.128522	-0.090346	0.046884	0.094344	-0.145412	0.017317	-0.062880	-0.178725	0.174725	0.062236	0.136767	0.104584	-0.009180	0.164796	-0.002314	0.047065	0.116598	-0.130975	-0.359379	0.059418	0.025817	-0.014336	-0.068570	0.048384	-0.047340	-0.036738	0.203076	-0.057268	-0.039147	0.155895	0.175782	-0.187707	-0.061486	-0.082253	-0.007692	0.266243	0.036328	0.084928	0.003689	-0.118009	0.166077	-0.001766	0.012686	-0.069794	0.188101	-0.181641	-0.170246	-0.051751	0.020744	-0.191853	-0.027513	-0.025153	-0.185748	0.062169	-0.097212	0.021059	-0.143550	-0.137353	-0.009044	0.111740	0.119950	-0.207892	0.120378	-0.038728	-0.087656	-0.112427	-0.318534	0.088363	0.131552	-0.153530	0.025948	0.080751	-0.173596	-0.102552	-0.202527	0.064809	0.093799	-0.010607	-0.131221	0.077161	0.070728	0.062790	0.130951	0.141043	0.150396	0.066908	0.062978	-0.074020	0.057248	-0.001177	-0.037110	-0.002899	0.146139	-0.033970	0.160867	0.057504	0.150746	-0.390420	-0.008269	-0.010508	0.002624	-0.029317	-0.013093	-0.067985	0.077322	0.081412	0.075591	0.144090	-0.012604	-0.030976	-0.102717	0.116578	-0.108500	0.127486	-0.180934	-0.069005	-0.097468	0.019143	0.074665	-0.030371	0.123816	0.100773	-0.004822	0.002083	0.005126	-0.385227	-0.008696	-0.062910	0.047117	-0.029273	0.049487	0.121315	0.123458	0.150622	0.114029	0.166544	-0.077582	-0.053570	-0.100655	-0.032420	0.151086	0.166945	0.023023	-0.075415	0.127283	0.055737	-0.082064	-0.000652	-0.117540	-0.144034	-0.000512	0.058792	-0.100748	0.950822	-0.100138	0.149373	0.102198	0.040633	0.045606	0.036064	0.058029	-0.023899	-0.120881	-0.205406	-0.027357	0.021321	0.043736	0.073057	0.120718	0.067773	-0.002247	0.039983	-0.030689	0.184262	-0.008314	-0.174116	-0.002343	-0.022868	0.012884	0.105249	-0.010711	-0.014808	-0.032760	0.014619	-0.019272	-0.019388	-0.227266	0.032827	0.066142	0.086494	0.132156	-0.140801	-0.020844	0.032971	-0.010593	0.197056	0.059729	-0.407209	-0.097435	0.098100	0.022548	-0.043449	-0.121336	0.100322	-0.160494	-0.015234	0.025732	0.398436	0.123395	-0.013169	-0.076790	0.053554	-0.014118	0.011036	-0.179459	0.019192	-0.017588	-0.066742	0.036529	-0.069715	-0.139526	0.031236	0.111281	-0.101914	-0.228240	0.025886	0.098649	0.047189	0.055825	-1.627834	-0.065271	0.132772	-0.012114	-0.156252	0.029203	0.049590	-0.009747	-0.061172	0.203978	-0.005848	0.056997	0.002336	-0.054805	-0.012288	-0.160876	0.038068	-0.076043	0.086500	-0.143622	0.136167	-0.234049	-0.023413	0.091854
0.000000	-0.129254	0.117195	-0.027807	-0.135532	-0.010429	0.021742	-0.030705	-0.002864	0.090581	-1.486718	0.077666	-0.070118	-0.069041	0.135630	-0.031770	0.105998	-0.137597	0.018608	-0.013838	-0.054293	-0.059035	0.231439	0.145327	0.077768	-0.213223	-0.066253	0.082517	-0.097497	-0.060555	-0.012112	0.003970	0.225574	-0.177544	0.066905	-0.829958	0.088504	-0.047236	0.043958	-0.049902	-0.000485	-0.022202	-0.121946	-0.033859	0.066943	0.124876	0.153584	0.165986	0.091072	-0.099878	0.066093	0.026495	-0.110318	0.081437	-0.028965	-0.087020	0.132555	0.042288	0.142928	0.189728	-0.052697	0.112094	-0.038051	0.196007	0.061138	-0.134627	-0.313984	0.060000	0.037555	0.020143	-0.037089	0.082598	0.052388	0.048411	0.077539	-0.070313	-0.013608	0.135311	0.078548	-0.177812	-0.012788	-0.083029	-0.018833	0.126731	0.063609	0.085524	-0.033843	-0.122254	0.155070	0.057436	0.087777	-0.168289	0.144465	-0.209708	-0.108403	0.028180	0.000043	-0.173306	-0.017888	0.015101	-0.270806	-0.001713	-0.004476	-0.021438	-0.094655	-0.029433	-0.010419	0.097775	0.124645	-0.177212	0.113891	-0.028921	-0.093540	-0.088352	-0.220067	0.109108	0.076673	-0.128674	0.020076	-0.001836	-0.180883	-0.084829	-0.109911	0.055793	0.181705	-0.017819	-0.055509	0.035643	0.124918	0.098381	0.064304	0.148808	0.111865	0.146906	-0.004836	-0.071191	0.010335	-0.005997	-0.032198	-0.066551	0.211524	-0.109125	0.118963	-0.006414	0.177182	-0.342852	-0.046312	0.064662	-0.000877	-0.131550	0.062584	0.133856	-0.058593	0.103707	0.052893	0.236422	0.003893	-0.079553	-0.054809	0.088014	-0.073739	0.116083	-0.180253	-0.023951	-0.079443	0.024581	0.020576	-0.024810	0.089738	0.136891	0.066368	-0.000073	0.049479	-0.448920	0.014896	-0.052121	-0.000979	-0.079827	0.073707	0.076993	0.177459	0.128313	0.149742	0.089638	0.005575	-0.039427	-0.080057	-0.102702	0.086334	0.085352	0.091358	-0.035029	0.168162	-0.017409	-0.131896	0.022614	-0.112198	-0.114053	0.001161	0.003544	0.014916	0.900814	-0.080028	0.060856	0.033238	0.007286	0.076214	-0.034031	0.078338	-0.002896	-0.081697	-0.109084	-0.048405	0.110712	-0.012621	0.070448	0.085700	0.117172	-0.009136	0.011056	0.039091	0.218398	-0.100392	-0.187963	0.052857	-0.038045	0.008941	0.090802	-0.005595	-0.002641	-0.008194	0.012169	0.039766	-0.032384	-0.178811	0.117804	0.112393	0.077676	0.044799	-0.096151	0.125534	0.000509	0.008665	0.257206	0.092311	-0.588290	-0.090827	0.136494	-0.014933	-0.110277	-0.050709	0.117687	-0.126449	-0.044597	0.009554	0.333121	0.059703	-0.060809	-0.145903	0.119490	0.059679	-0.045684	-0.135228	0.037983	0.002823	-0.059687	0.003386	-0.008975	-0.021756	0.134202	0.067064	-0.086968	-0.132728	0.071086	0.083677	0.082902	0.019329	-1.864875	0.025315	0.238151	0.063570	-0.212092	0.026228	0.065717	-0.037737	-0.069617	0.170653	-0.064567	0.120312	-0.064519	-0.057558	0.007145	-0.205039	-0.044369	0.050640	0.153159	-0.007841	0.079259	-0.247932	-0.129239	-0.014568
1.000000	-0.096294	0.148042	-0.020601	-0.099178	-0.074709	0.034011	-0.015774	0.057184	0.074077	-1.200144	0.071423	-0.106388	-0.094963	0.192553	-0.039872	0.090187	-0.143633	0.029804	0.029274	0.025028	0.042090	0.264808	0.132198	0.049477	-0.209855	-0.024981	0.036243	-0.104007	-0.041007	-0.013426	-0.066715	0.202830	-0.176940	0.052189	-0.797278	0.119220	-0.021583	0.023341	-0.038489	0.002852	0.020279	-0.094207	-0.039360	0.067732	0.092743	0.131709	0.250781	0.088234	-0.125474	0.054128	0.019078	-0.137878	0.121892	-0.063887	-0.107342	0.158422	-0.020568	0.133049	0.133745	-0.004466	0.149367	-0.069676	0.176891	0.046549	-0.061866	-0.261069	0.087280	0.047252	0.006253	-0.028884	0.030273	0.053781	0.026723	0.102555	-0.059501	-0.011577	0.168103	0.147742	-0.139728	-0.069652	-0.123308	0.024597	0.185875	-0.031749	0.131682	-0.002812	-0.155944	0.153730	0.002114	0.042525	-0.128028	0.155439	-0.174749	-0.088277	-0.074934	0.059392	-0.147759	0.023933	-0.031272	-0.143959	0.047182	-0.032911	0.009381	-0.118525	-0.103104	-0.013538	0.077367	0.138123	-0.174781	0.084540	0.003086	-0.040696	-0.094191	-0.271206	0.076274	0.042386	-0.144078	0.058235	0.055979	-0.155945	-0.056731	-0.118980	0.100456	0.143498	-0.041140	-0.015520	0.045752	0.133025	0.041137	0.083650	0.063657	0.126426	0.017502	0.068951	-0.077949	-0.037569	0.006450	-0.008680	-0.047351	0.173193	-0.016330	0.178136	0.023758	0.094818	-0.280828	-0.056415	-0.037285	0.021801	-0.090235	0.005688	-0.029362	0.012580	0.070755	0.045549	0.154116	-0.064595	-0.113195	-0.061535	0.090127	-0.085286	0.100192	-0.119687	-0.045962	-0.053791	0.004909	0.117540	-0.014441	0.046600	0.104683	-0.026371	0.026139	-0.033683	-0.425081	0.031745	-0.054696	0.005105	-0.126333	0.036900	0.050154	0.128314	0.107109	0.089101	0.179313	-0.073048	-0.001311	-0.060203	0.031315	0.070429	0.126076	0.064782	0.006109	0.200767	-0.021430	-0.078656	-0.004473	-0.107251	-0.117151	0.012946	0.023443	-0.035616	0.799594	-0.098214	0.079392	0.079116	0.075705	0.002978	-0.024527	0.087231	-0.043932	-0.155256	-0.061817	-0.003905	0.050856	0.054639	0.058504	0.083794	0.092392	-0.022356	0.010657	0.000350	0.243727	-0.026794	-0.189125	0.002554	-0.061499	-0.021050	0.139745	0.037869	-0.068458	-0.066044	-0.024603	0.000669	-0.023148	-0.122488	0.173273	0.147869	0.091714	0.078667	-0.181488	0.089767	-0.042330	0.052082	0.161850	0.069839	-0.500195	-0.052871	0.131675	0.026513	-0.019273	-0.077652	0.134293	-0.146939	-0.062943	0.022103	0.220058	0.062554	-0.047807	-0.088395	0.010573	0.054453	-0.039419	-0.153394	0.075448	0.003587	-0.024091	0.012721	-0.065439	-0.075766	0.175511	0.036294	-0.059775	-0.132897	0.091229	0.108287	0.046364	0.089290	-1.559816	0.051573	0.049157	0.008493	-0.141354	0.046106	0.034459	0.021327	-0.073967	0.175862	0.030855	0.098542	0.022196	-0.062643	-0.024131	-0.128911	-0.009227	0.043066	0.041315	-0.089392	0.083346	-0.224027	-0.094571	0.095371
0.000000	-0.102282	0.113304	-0.045272	-0.124820	-0.044875	-0.020696	-0.038444	0.006129	0.045757	-1.506821	0.058899	0.010870	-0.046085	0.166235	0.040944	0.119395	-0.127307	0.016076	0.010105	-0.024720	0.047806	0.268042	0.134996	0.016385	-0.270603	-0.057387	0.057649	-0.110670	-0.004470	0.014249	0.001378	0.230682	-0.192597	0.061505	-0.886348	0.093456	-0.048527	-0.002231	-0.021709	0.092889	0.037547	-0.160617	-0.039804	0.108723	0.122147	0.159623	0.229436	0.114422	-0.112975	0.086762	0.059706	-0.120047	0.022744	-0.089010	-0.129938	0.227713	0.002152	0.179545	0.197760	0.000186	0.146256	-0.015206	0.196064	0.077382	-0.102213	-0.327772	0.094494	-0.008951	0.017360	0.007564	0.056788	0.007779	-0.002649	0.152209	-0.053067	0.022676	0.122503	0.147704	-0.174557	-0.063948	-0.141759	-0.029403	0.196529	0.019561	0.106747	0.049511	-0.157289	0.166155	0.049142	0.116531	-0.152827	0.100614	-0.235814	-0.178092	0.029503	0.037271	-0.194874	-0.030972	0.002109	-0.239695	0.020315	-0.013526	-0.067201	-0.065024	-0.060867	-0.033853	0.094996	0.082084	-0.142541	0.145359	-0.073397	-0.100879	-0.074582	-0.238500	0.104779	0.091461	-0.133462	-0.019992	0.022007	-0.212362	-0.079725	-0.112462	0.110242	0.106533	-0.047168	-0.107529	0.060511	0.153706	0.031354	0.100531	0.111626	0.132103	0.113653	-0.041645	-0.078305	0.019707	0.010479	-0.031486	-0.006802	0.149915	-0.109237	0.138387	0.070705	0.111505	-0.349906	-0.093787	0.038879	0.024980	-0.131929	0.011708	0.053831	-0.088410	0.087218	0.010096	0.215720	-0.012955	-0.033824	-0.033799	0.079144	-0.057221	0.107970	-0.140744	-0.027466	-0.059319	0.008877	0.134798	-0.035637	0.147872	0.111337	0.052650	0.040687	-0.011447	-0.451300	-0.047578	-0.040886	0.013036	-0.047229	0.121664	0.036517	0.215767	0.125984	0.107807	0.142715	-0.002601	-0.036026	-0.069197	-0.073025	0.106314	0.086633	0.120218	-0.035209	0.074953	0.043311	-0.086272	-0.005124	-0.199191	-0.102041	-0.003378	-0.006355	-0.107826	0.978143	-0.080899	0.043970	0.003642	0.085944	0.051256	-0.024016	0.044468	-0.038993	-0.164093	-0.115500	-0.067470	0.091243	0.001967	-0.001261	0.006474	0.031890	0.026801	0.018800	0.063988	0.223491	-0.079059	-0.162970	0.026860	0.009375	0.050262	0.116639	-0.026278	-0.024175	-0.022080	0.002593	-0.001817	-0.036087	-0.159905	0.119795	0.103983	0.052806	0.047307	-0.092025	0.117272	-0.008129	0.038726	0.237232	0.114615	-0.506309	-0.031931	0.145253	0.001085	-0.043727	-0.024531	0.111145	-0.130495	-0.053464	0.044632	0.290187	0.079873	-0.046685	-0.115019	0.051162	0.017926	-0.053189	-0.144870	0.059036	0.020248	-0.092418	-0.010682	-0.017322	-0.042584	0.128459	0.089733	-0.042586	-0.189619	0.100320	0.066499	0.055109	0.091522	-1.862380	0.016382	0.273265	0.060727	-0.188811	0.011103	0.051236	-0.036194	-0.063071	0.155380	-0.043386	0.059783	-0.039127	-0.068323	0.024742	-0.194875	-0.040271	0.027673	0.123814	-0.023282	0.084626	-0.198131	-0.070266	0.108968
1.000000	-0.098895	0.109792	-0.006720	-0.128933	-0.072287	0.032721	-0.033417	0.076654	0.053236	-1.317062	0.067926	-0.100996	-0.099554	0.180293	-0.017484	0.054081	-0.174449	0.026283	-0.008002	-0.032949	-0.019071	0.234229	0.136905	0.105821	-0.147042	-0.058766	0.015690	-0.078219	-0.081333	0.004605	-0.031852	0.229464	-0.203532	0.094778	-0.792994	0.176470	0.031886	0.008134	-0.100457	-0.033701	0.037893	-0.075995	-0.078655	0.096384	0.088332	0.116798	0.203871	0.112879	-0.132130	0.072149	0.044705	-0.160850	0.073283	-0.016070	-0.078486	0.159048	-0.046895	0.176482	0.137239	-0.041245	0.137963	-0.038227	0.232304	0.012122	-0.116376	-0.251832	0.044091	0.043591	0.042312	-0.023207	0.055481	0.029049	0.010217	0.044008	-0.080408	0.015352	0.141788	0.096936	-0.199138	-0.020295	-0.153209	0.008937	0.147565	0.001168	0.159621	-0.019482	-0.131157	0.121059	0.009258	0.045740	-0.099623	0.139588	-0.124569	-0.114215	-0.005442	0.042745	-0.153423	0.013832	0.004094	-0.174527	0.010154	0.042443	0.007783	-0.117491	-0.091394	-0.007507	0.126892	0.100779	-0.141053	0.074179	0.035948	-0.060310	-0.086988	-0.228541	0.114234	0.046510	-0.080494	0.063970	0.035171	-0.155593	-0.026982	-0.096404	0.096257	0.130988	-0.038135	-0.034752	0.092131	0.151726	0.034096	0.125939	0.073483	0.155533	0.046697	0.008531	-0.033827	-0.003736	0.009726	0.012807	-0.042142	0.128104	-0.043084	0.156961	-0.014678	0.098124	-0.267851	-0.110591	-0.032619	0.018131	-0.098099	0.032710	0.096204	-0.051454	0.084631	0.010477	0.213377	-0.058059	-0.096770	-0.068696	0.035806	-0.032114	0.145995	-0.090903	-0.040809	-0.070248	-0.071437	0.097043	0.012688	0.072178	0.057317	0.037883	0.006034	0.009349	-0.463797	0.090966	-0.062145	0.029937	-0.060742	0.005633	0.058474	0.120561	0.107028	0.084804	0.122986	-0.046554	0.022818	-0.058150	-0.009828	0.039681	0.026597	0.121465	-0.030539	0.217866	-0.070372	-0.075669	0.008606	-0.084723	-0.094231	-0.077829	0.000982	-0.004470	0.836594	-0.073841	0.071392	0.030393	0.050572	0.017650	-0.049863	0.057011	-0.030819	-0.123126	-0.015044	-0.024808	0.050815	0.029549	0.083324	0.085661	0.127314	-0.052366	-0.015816	0.015778	0.217583	-0.044858	-0.156555	0.025840	-0.034623	-0.036387	0.116217	0.012866	-0.035092	-0.016091	0.009264	0.058177	-0.037626	-0.065367	0.189971	0.149623	0.069418	-0.015170	-0.131624	0.107807	-0.041949	0.035257	0.232544	0.059000	-0.551254	-0.026068	0.120125	0.035923	-0.043439	-0.123864	0.116716	-0.110630	-0.046617	-0.017926	0.210521	0.045243	-0.124875	-0.072349	0.081039	0.041925	-0.027583	-0.065608	0.074113	0.015727	-0.053509	0.025216	-0.049604	-0.009838	0.163561	0.032364	-0.066670	-0.096334	0.053461	0.097315	0.045119	0.114050	-1.640551	0.036572	0.179472	0.042372	-0.128986	0.021050	-0.008759	-0.006861	-0.000215	0.159816	0.006520	0.100883	0.017393	-0.015063	-0.021866	-0.163578	-0.025163	0.051003	0.059319	0.013027	0.053071	-0.201964	-0.103958	0.073821
1.000000	-0.092451	0.164992	-0.003724	-0.167207	-0.098802	-0.014090	-0.081794	0.028391	0.001930	-1.165238	-0.000612	-0.028355	-0.064326	0.190957	0.037546	0.138439	-0.121195	0.039468	-0.074850	0.001973	-0.033566	0.198268	0.095140	0.090430	-0.190371	-0.111021	0.027131	-0.054122	-0.109645	-0.012205	-0.069826	0.189693	-0.141110	0.116352	-0.717857	0.094976	0.016079	-0.025393	-0.054164	-0.009705	-0.005910	-0.110661	0.023394	0.145677	0.104485	0.106195	0.169154	0.052774	-0.145908	0.042648	-0.005221	-0.098896	0.064927	-0.050711	-0.088801	0.128344	-0.081883	0.152276	0.135929	-0.008426	0.100581	-0.053614	0.161938	0.035815	-0.104652	-0.295735	0.032616	0.074348	-0.022337	-0.075962	0.106702	0.065598	0.016409	0.000042	-0.111386	0.027491	0.141926	0.098087	-0.190502	-0.066717	-0.160410	-0.007559	0.140572	0.040435	0.134686	-0.023652	-0.113682	0.137649	-0.008261	0.047741	-0.112864	0.054316	-0.119357	-0.061431	-0.005894	0.057900	-0.112280	0.012148	-0.002679	-0.201253	0.034178	0.032357	0.053675	-0.103165	-0.055094	-0.053463	0.049378	0.126216	-0.142984	0.108603	0.043181	0.010252	-0.077574	-0.151333	0.082973	0.017601	-0.176981	0.009942	0.028113	-0.144574	-0.062835	-0.051433	0.078389	0.032079	-0.056862	-0.014563	0.053088	0.120984	0.021533	0.110804	0.045484	0.164823	0.025954	-0.029900	-0.022152	0.006584	0.055696	0.041660	-0.020065	0.176811	0.016887	0.091471	0.015243	0.011332	-0.194531	0.031162	0.029633	-0.009378	-0.080589	-0.002280	0.140347	0.017123	0.129384	-0.001518	0.148093	-0.062280	-0.072922	-0.044978	0.058939	-0.123346	0.124352	-0.040347	0.010624	-0.042312	-0.019591	0.123190	-0.015396	0.099074	0.137366	0.012371	0.005283	-0.014202	-0.383109	0.032005	-0.079992	0.048315	-0.032541	0.008124	0.044813	0.120302	0.095786	0.129176	0.093559	-0.035948	0.013892	-0.099168	-0.017617	0.079208	0.060722	0.090629	-0.009052	0.218825	-0.044996	-0.035981	0.003939	-0.062528	-0.143157	-0.033956	-0.034992	0.013178	0.691674	-0.075946	0.082666	0.057750	0.060646	0.026658	-0.072625	0.093587	-0.026237	-0.090356	-0.006694	-0.013027	0.048336	-0.007686	0.067103	0.059508	0.081732	-0.046439	0.038819	0.079163	0.214475	-0.030617	-0.163616	0.008565	-0.097118	-0.016491	0.033317	0.029368	0.006472	-0.029524	0.032656	0.028893	-0.059324	-0.084589	0.177748	0.158252	0.067756	0.026747	-0.162109	0.112221	-0.038887	0.026924	0.170123	0.047662	-0.444670	0.003223	0.112177	-0.034173	-0.042280	-0.082811	0.134673	-0.120137	-0.010859	-0.058945	0.267515	0.086692	-0.059769	-0.046920	0.020547	0.088236	-0.042181	-0.128275	0.090783	0.013273	-0.080642	-0.097337	-0.036465	0.030569	0.126395	-0.000794	-0.129566	-0.154923	0.064683	0.102099	0.021387	0.084628	-1.551272	0.002429	0.134725	0.058929	-0.191222	0.028615	0.014155	-0.015764	-0.003459	0.169697	-0.040563	0.060041	0.003987	0.030226	0.008689	-0.113004	-0.072208	0.030585	0.031348	0.043785	0.099147	-0.117122	-0.113437	0.076085
1.000000	-0.077403	0.103682	0.020414	-0.108772	-0.043536	0.040031	-0.068031	0.040082	0.093695	-1.272467	0.061735	-0.076929	-0.121895	0.202994	-0.042448	0.075260	-0.138969	0.086198	-0.043939	0.024946	0.010332	0.239359	0.111890	0.066756	-0.186291	-0.041511	0.017968	-0.130906	-0.055484	-0.004573	-0.020717	0.221179	-0.204595	0.024775	-0.759615	0.164955	-0.037658	0.060152	-0.095526	0.057494	0.034035	-0.136371	-0.033537	0.018342	0.061321	0.130314	0.213063	0.103511	-0.072091	0.095823	0.074009	-0.141249	0.115667	-0.062649	-0.128619	0.157941	0.003608	0.192727	0.136453	0.029294	0.146776	-0.039375	0.181488	0.049512	-0.074191	-0.261178	0.009973	0.045963	0.012772	0.001065	0.052176	-0.000635	-0.043619	0.086656	-0.040471	-0.016331	0.175760	0.159488	-0.156220	-0.057810	-0.103133	0.020205	0.174508	0.014400	0.079856	0.012685	-0.112420	0.137746	0.030688	0.020828	-0.111232	0.198000	-0.153168	-0.139959	-0.026017	0.043572	-0.190510	0.015222	-0.008434	-0.119156	0.053025	-0.004184	0.012038	-0.121126	-0.071800	0.020091	0.104195	0.111088	-0.194831	0.068482	0.006701	-0.118637	-0.096803	-0.290614	0.126065	0.082708	-0.199685	0.019485	0.045514	-0.163414	-0.079314	-0.134779	0.076967	0.134796	-0.025572	-0.033325	0.014405	0.148701	0.046301	0.082748	0.053877	0.150218	0.106135	0.029349	-0.071003	-0.020310	0.016649	-0.037231	-0.017064	0.185093	-0.036300	0.136684	0.025392	0.069905	-0.240289	-0.050171	0.034913	-0.000513	-0.070260	-0.033647	-0.032590	-0.012922	0.062393	-0.012729	0.150764	-0.054279	-0.063796	-0.118078	0.088869	-0.090147	0.096540	-0.112814	-0.052087	-0.080801	0.017464	0.128011	0.013320	0.062020	0.052733	-0.005915	0.035368	-0.039038	-0.409969	0.017980	-0.045006	0.015762	-0.090668	0.083327	0.064746	0.104030	0.120235	0.093827	0.157532	-0.048651	0.009490	-0.104802	-0.025327	0.102480	0.107763	0.066774	-0.035962	0.198215	0.014302	-0.075340	0.053192	-0.067081	-0.147724	-0.025518	0.028060	-0.126057	0.784293	-0.096958	0.051802	0.074354	0.096489	0.092814	0.032703	0.059569	-0.022880	-0.138369	-0.025443	-0.058565	0.098731	0.021561	0.073534	0.064703	0.129776	-0.035989	-0.023833	0.060221	0.217523	-0.029017	-0.151753	-0.073171	-0.053642	-0.007928	0.115147	-0.028641	-0.025155	-0.028840	-0.006268	0.007413	-0.033350	-0.133761	0.110119	0.130125	0.062885	0.046991	-0.167561	0.099670	-0.015264	0.075753	0.173490	0.144044	-0.516805	-0.073680	0.113314	0.035648	-0.022707	-0.070268	0.158806	-0.171621	-0.033603	0.023946	0.267563	0.071610	-0.031413	-0.068591	0.010716	0.063360	-0.034798	-0.121059	0.086042	0.023542	-0.050922	0.006120	-0.118503	-0.070902	0.121437	0.077916	-0.064158	-0.120390	0.057887	0.154037	0.059645	0.075226	-1.616906	0.006799	0.115283	-0.015850	-0.156499	0.070526	0.012038	0.089286	-0.077277	0.132511	-0.011201	0.067180	0.001442	-0.072453	0.049857	-0.143257	0.026518	-0.002514	0.054215	-0.076352	0.088451	-0.207112	-0.036472	0.002198
1.000000	-0.151744	0.141867	0.016905	-0.107006	-0.017501	0.010463	-0.018687	0.062298	0.047368	-1.462117	0.076914	-0.034901	-0.103479	0.152249	0.035200	0.086990	-0.138375	-0.015715	-0.014785	-0.067474	-0.020839	0.220592	0.150541	0.062825	-0.230957	-0.015336	0.031412	-0.110268	-0.054477	0.030270	0.031072	0.222421	-0.198396	0.077480	-0.848398	0.073055	-0.031650	0.030948	-0.090202	0.030355	0.001693	-0.118317	-0.042989	0.081245	0.058457	0.140863	0.185810	0.130257	-0.123492	0.052121	0.065994	-0.152572	0.089038	-0.079505	-0.107448	0.186338	-0.036711	0.178893	0.185223	-0.016360	0.111893	-0.031848	0.223137	0.037718	-0.058152	-0.342578	0.082831	0.020659	-0.003435	-0.002183	0.049383	0.052802	0.025376	0.051709	-0.075551	0.004906	0.168222	0.127529	-0.161546	-0.020047	-0.113230	-0.003336	0.130195	0.036945	0.098104	0.010819	-0.128148	0.135074	0.072990	0.093365	-0.143542	0.127728	-0.198281	-0.110968	0.013180	0.061811	-0.174519	-0.026587	-0.002359	-0.270568	0.048824	0.013436	0.016364	-0.074879	-0.063290	-0.025366	0.088572	0.106294	-0.170014	0.083284	-0.014219	-0.113916	-0.084871	-0.200872	0.147720	0.081251	-0.144909	0.001637	-0.008679	-0.203666	-0.057349	-0.132205	0.057100	0.130188	-0.033627	-0.005127	0.049148	0.129576	0.074727	0.058880	0.037244	0.121381	0.067285	-0.052960	-0.020781	-0.012932	0.036955	-0.025705	0.002157	0.155037	-0.107031	0.148808	0.030923	0.073251	-0.361439	-0.054757	0.068091	0.004644	-0.125699	0.015634	0.118867	-0.059274	0.072520	-0.004634	0.242372	-0.042550	-0.090157	-0.055288	0.100164	-0.058309	0.102634	-0.134079	-0.032167	-0.045956	-0.019311	0.173472	-0.019357	0.075970	0.083915	0.064196	0.014018	-0.036816	-0.457328	0.058179	-0.039857	0.011695	-0.098104	0.114483	0.044410	0.234085	0.110027	0.108011	0.142626	-0.018941	-0.003146	-0.032244	-0.088216	0.083702	0.049260	0.053079	-0.030299	0.121748	0.061118	-0.088191	0.003680	-0.145465	-0.057794	-0.034549	0.004859	-0.072652	0.857195	-0.104993	0.022205	0.048541	0.086614	0.025016	-0.066291	0.049115	-0.016674	-0.133963	-0.049145	-0.020577	0.115065	-0.000214	0.077013	0.051269	0.040657	0.030017	0.030555	0.085608	0.293396	-0.052611	-0.187273	0.012637	-0.020985	0.018639	0.134975	0.009388	-0.036774	-0.009263	-0.016563	-0.004600	-0.030394	-0.121890	0.155363	0.156189	0.044707	0.061174	-0.101494	0.119877	-0.034703	0.093557	0.238457	0.072416	-0.560073	-0.049597	0.135812	0.043627	-0.047399	-0.008690	0.075541	-0.135897	-0.040984	0.023919	0.254700	0.053620	-0.043434	-0.129205	0.038521	0.085207	-0.065965	-0.111230	0.085341	0.026465	-0.056215	-0.051161	-0.019099	-0.035918	0.152414	0.071481	-0.048976	-0.121702	0.065577	0.106535	0.078654	0.093003	-1.853283	-0.005765	0.238206	0.068897	-0.182113	0.026835	0.053265	-0.002193	-0.071174	0.169197	-0.051806	0.052225	-0.005996	-0.049865	0.001508	-0.211304	-0.078835	0.028354	0.066281	0.063602	0.043587	-0.241853	-0.112769	0.026234
0.000000	-0.060824	0.136035	-0.004109	-0.102445	-0.033536	0.029894	0.019345	0.110944	0.037992	-1.430916	0.104043	-0.081665	-0.143117	0.137492	-0.002302	0.073954	-0.094673	-0.005050	-0.025527	0.008814	-0.016052	0.286309	0.165175	0.048542	-0.232232	-0.030888	0.026852	-0.143099	-0.028483	0.027320	-0.023915	0.201675	-0.178542	0.032146	-0.795013	0.077563	-0.035552	0.018022	-0.041377	0.015949	-0.003243	-0.199253	-0.023401	0.061412	0.089335	0.060288	0.129009	0.104728	-0.128133	0.090930	0.073990	-0.140819	0.065505	-0.035126	-0.138596	0.190076	0.065317	0.185075	0.147484	-0.010900	0.114659	0.017834	0.199987	0.061118	-0.138786	-0.309364	0.031382	0.075622	-0.027336	-0.019437	0.106721	0.023947	-0.042379	0.119345	-0.051979	-0.024381	0.201715	0.161027	-0.232425	-0.021033	-0.136587	0.011879	0.224895	0.051183	0.158490	-0.036795	-0.158907	0.195891	0.072452	0.076465	-0.153464	0.163039	-0.159694	-0.085801	-0.046161	0.090215	-0.198550	0.002651	0.013910	-0.160195	0.024819	-0.003521	-0.031057	-0.096661	-0.056335	0.002082	0.024389	0.177893	-0.175597	0.161325	0.000708	-0.129771	-0.093909	-0.249357	0.096562	0.058641	-0.122169	-0.035848	0.060717	-0.206514	-0.094750	-0.208999	0.061164	0.147503	0.000462	-0.057317	0.013666	0.140950	0.067845	0.118013	0.079263	0.137344	0.124206	-0.008238	-0.084418	0.015635	-0.010470	0.009401	-0.042635	0.184986	-0.030106	0.176252	0.030643	0.077105	-0.304515	-0.074144	0.041099	0.056609	-0.082182	0.044064	0.034081	0.003513	0.060902	-0.002735	0.176521	-0.006467	-0.058025	-0.076627	0.113097	-0.073009	0.117958	-0.149136	-0.048732	-0.035766	0.000017	0.101762	0.007449	0.108756	0.099659	0.058978	0.036242	0.081720	-0.460032	-0.000822	-0.062644	0.021072	-0.032143	0.012043	0.053760	0.234513	0.105048	0.172269	0.088493	-0.014196	0.007857	-0.076572	-0.036169	0.090924	0.115578	0.045821	-0.053542	0.153198	-0.016955	-0.119403	-0.002943	-0.103082	-0.079688	0.033511	0.004608	-0.067060	0.852099	-0.079045	0.111220	0.048139	0.049614	0.022730	0.058431	0.074240	-0.055920	-0.101950	-0.113072	-0.029138	0.062898	-0.001862	0.047655	0.063869	0.122478	0.041698	-0.002355	0.029978	0.288378	-0.018989	-0.176126	-0.011075	0.039999	-0.015197	0.111624	-0.045595	-0.049566	-0.048336	0.009220	-0.020733	-0.047954	-0.117147	0.065302	0.110370	0.127691	-0.040714	-0.121507	0.050869	-0.079908	-0.004964	0.201306	0.069647	-0.512365	-0.043050	0.192590	0.040468	-0.019356	-0.103950	0.138101	-0.149930	-0.071052	0.024106	0.349581	0.010855	-0.042726	-0.085542	0.054925	0.034697	-0.065872	-0.097833	0.020685	-0.043222	-0.052955	0.009398	-0.088208	-0.065996	0.111893	0.076427	-0.026792	-0.086910	0.099408	0.097138	0.040343	0.061236	-1.799804	-0.050412	0.199122	0.043287	-0.195459	-0.003543	0.040006	0.002008	-0.051655	0.177874	0.019310	0.050927	-0.027034	-0.020755	-0.022484	-0.148419	0.015520	0.031058	0.090953	-0.023060	0.052361	-0.247104	-0.122034	0.065330
0.000000	-0.100994	0.129794	-0.081944	-0.110958	-0.042820	0.014473	-0.001695	-0.036850	0.060193	-1.474865	0.074766	-0.044244	-0.067738	0.102655	-0.029350	0.128598	-0.079728	-0.037393	-0.061421	-0.038399	0.005324	0.216892	0.120425	-0.013862	-0.230315	-0.072428	0.049827	-0.090263	-0.038785	0.006152	-0.031713	0.220536	-0.142666	0.023967	-0.939065	0.084262	-0.091658	0.053429	-0.045610	0.003169	0.018214	-0.170216	-0.067464	0.059303	0.062750	0.113861	0.188237	0.123641	-0.100975	0.066834	0.088362	-0.131759	0.024819	-0.045663	-0.138174	0.209026	-0.002706	0.165154	0.159555	-0.002239	0.096344	-0.019257	0.141533	0.075568	-0.113302	-0.350274	0.062605	0.010633	0.043793	-0.084646	0.101724	0.010715	0.006984	0.123965	-0.024495	0.010805	0.067032	0.124158	-0.175639	-0.065918	-0.120478	0.031196	0.198737	0.053578	0.093895	0.034852	-0.150582	0.162715	0.041625	0.080352	-0.165707	0.113650	-0.240843	-0.164866	-0.018823	0.022256	-0.207642	-0.049761	0.008870	-0.256164	0.043901	-0.024192	-0.051337	-0.034570	-0.006591	-0.025736	0.129486	0.092681	-0.163863	0.106304	-0.031959	-0.046091	-0.093133	-0.226290	0.102162	0.119914	-0.114012	0.001681	0.069325	-0.218727	-0.059078	-0.069313	0.092726	0.118401	-0.041055	-0.068382	0.077971	0.079587	0.063380	0.050067	0.122462	0.121400	0.065687	0.026357	-0.060113	0.039767	0.013502	-0.050490	-0.024914	0.142327	-0.063912	0.118790	0.016182	0.163960	-0.363249	-0.046841	0.009834	0.048313	-0.068810	0.019094	0.066644	-0.007623	0.096495	0.001291	0.200002	0.002800	-0.058049	-0.105672	0.099591	-0.073671	0.112122	-0.153241	0.004348	-0.062389	0.030981	0.092151	-0.035469	0.110283	0.067654	0.071886	-0.005611	0.020511	-0.461742	-0.029944	-0.026055	-0.008323	-0.060722	0.116401	0.088968	0.259029	0.108655	0.104744	0.145067	-0.028043	-0.065915	-0.001683	-0.115211	0.149600	0.095730	0.062609	-0.027103	0.116998	0.017875	-0.131042	0.018963	-0.124110	-0.047923	0.016232	0.025602	-0.078802	0.940074	-0.078230	0.063582	0.062324	0.058834	0.015461	0.002069	0.062254	-0.061587	-0.122085	-0.121093	-0.051564	0.068534	0.045727	0.008612	0.052389	0.069672	0.015020	0.009069	0.051296	0.270652	-0.029009	-0.159287	0.059853	-0.026733	-0.006479	0.127932	-0.025430	-0.026292	-0.050372	0.028722	0.025224	-0.008206	-0.172535	0.052996	0.106922	0.058482	0.064870	-0.054410	0.027716	-0.017739	0.016143	0.203784	0.076349	-0.502243	-0.044796	0.150773	-0.002196	-0.056179	-0.039563	0.071549	-0.145176	-0.013434	0.014716	0.351675	0.038368	-0.063012	-0.094847	0.082620	0.064621	-0.039642	-0.158657	0.030717	0.019076	-0.085574	0.031283	-0.062205	-0.097956	0.063236	0.080853	-0.041237	-0.122035	0.099297	0.110791	0.073099	0.012168	-1.898897	0.035991	0.295921	0.030205	-0.189071	0.038635	0.066856	-0.019654	-0.080591	0.132388	0.010018	0.078363	-0.040303	-0.018792	-0.029377	-0.193021	0.027195	0.011818	0.129375	-0.042020	0.089551	-0.216946	-0.100244	0.087670
0.000000	-0.088077	0.137028	-0.051008	-0.123524	-0.093133	0.023174	-0.020275	0.030204	0.074943	-1.361003	0.035537	-0.063137	-0.091684	0.156128	0.003931	0.101607	-0.137498	-0.000716	-0.034330	-0.035578	0.002262	0.206321	0.134839	0.081253	-0.204285	-0.069142	0.063773	-0.075692	-0.045641	0.001117	-0.031709	0.185931	-0.172782	0.040896	-0.821880	0.116529	-0.015990	0.033757	-0.053621	-0.008255	-0.013789	-0.127037	-0.027005	0.100714	0.096412	0.118398	0.134262	0.095811	-0.114576	0.043586	0.065208	-0.091998	0.056204	-0.054018	-0.088868	0.179192	-0.029115	0.132375	0.138917	0.022880	0.134234	-0.023027	0.157245	0.053787	-0.099747	-0.335537	0.092999	0.015732	0.002239	-0.051518	0.088643	0.048838	0.007460	0.090262	-0.108550	0.030595	0.118141	0.133246	-0.180152	-0.076865	-0.114508	0.024746	0.137920	0.043890	0.075839	-0.004977	-0.101562	0.130113	0.006787	0.078666	-0.122571	0.125356	-0.202242	-0.091051	-0.005016	-0.007917	-0.181883	0.003245	-0.010397	-0.243385	-0.000490	-0.027032	-0.049599	-0.075996	-0.037565	-0.008796	0.072709	0.109184	-0.158412	0.127338	-0.035149	-0.084666	-0.096934	-0.167553	0.046703	0.075751	-0.157550	0.041144	0.073268	-0.172631	-0.067859	-0.090830	0.068045	0.114734	-0.074123	-0.047017	0.062242	0.127043	0.042411	0.075376	0.057153	0.167733	0.099511	0.026814	-0.063003	-0.003219	0.016987	-0.015613	-0.041025	0.141101	-0.032386	0.088014	0.003091	0.124080	-0.336208	-0.016880	0.039156	0.015845	-0.081859	-0.018227	0.071250	-0.011169	0.091832	0.005811	0.195888	-0.001053	-0.074182	-0.059715	0.067738	-0.028726	0.090212	-0.152579	0.003251	-0.069591	0.050390	0.116055	-0.027118	0.080198	0.099860	0.080824	0.025563	0.017161	-0.433079	-0.015305	-0.055938	0.024369	-0.039414	0.068891	0.080269	0.134292	0.127940	0.145018	0.099157	-0.030505	-0.031880	-0.063954	-0.043671	0.090169	0.069980	0.071593	-0.029111	0.187721	0.022044	-0.112810	0.025596	-0.123715	-0.094324	0.001142	0.019847	-0.071406	0.866780	-0.083326	0.070902	0.047154	0.072590	0.010135	0.018868	0.045683	-0.038056	-0.148461	-0.084596	-0.034357	0.036406	0.019720	0.023002	0.049307	0.093457	-0.008694	0.032464	0.002899	0.234053	-0.076377	-0.158519	0.024172	-0.040391	0.004049	0.131098	0.003462	-0.026026	-0.056510	0.041772	0.018095	-0.036076	-0.150813	0.107065	0.106843	0.042949	0.070063	-0.146574	0.088084	-0.055666	0.028067	0.222539	0.095408	-0.527111	-0.058673	0.177728	0.025207	-0.067139	-0.079976	0.094768	-0.131247	-0.013442	0.027068	0.308028	0.075826	-0.047689	-0.062508	0.096298	0.082070	-0.036472	-0.165734	-0.000649	0.012445	-0.092924	0.007140	-0.041246	-0.058641	0.132704	0.061070	-0.096614	-0.115884	0.081351	0.095072	0.032618	0.066574	-1.721511	0.017712	0.229646	0.033390	-0.171326	0.010753	0.059742	-0.023468	-0.017755	0.163707	-0.001633	0.096990	-0.011366	-0.024573	-0.007048	-0.159909	-0.006025	0.042177	0.095055	0.023434	0.047711	-0.203318	-0.094154	0.108015
1.000000	-0.097264	0.149656	0.003769	-0.140597	-0.049120	0.046336	-0.033725	0.099950	0.032847	-1.359408	0.011789	-0.065699	-0.085703	0.155610	0.009450	0.072130	-0.148292	0.024755	-0.003421	-0.032534	0.004481	0.205460	0.189597	0.095612	-0.208458	-0.038132	0.014243	-0.059406	-0.029021	0.012382	-0.075235	0.197247	-0.185746	0.057631	-0.796389	0.115757	0.015783	0.010745	-0.090142	-0.006804	-0.009175	-0.087170	-0.056574	0.134108	0.064709	0.073297	0.170565	0.058035	-0.116765	0.067784	0.074332	-0.149533	0.058247	-0.018961	-0.025752	0.166509	-0.035274	0.158192	0.116207	-0.054559	0.099533	-0.033926	0.190381	-0.015247	-0.064042	-0.230754	0.073070	0.050063	0.037915	0.008180	0.081603	0.042113	0.049524	0.073846	-0.023003	-0.025779	0.091288	0.097307	-0.155598	-0.046878	-0.135212	-0.017197	0.107537	0.009944	0.101178	-0.007187	-0.095240	0.126153	-0.008777	0.056591	-0.118340	0.179301	-0.163183	-0.105111	0.019633	0.047244	-0.176842	-0.001698	-0.008771	-0.252963	-0.005820	0.016636	-0.006608	-0.084086	-0.084633	-0.013757	0.084520	0.094706	-0.131752	0.049925	0.011990	-0.106825	-0.103791	-0.153449	0.104797	0.058200	-0.084708	0.037255	0.012861	-0.182212	-0.018076	-0.097686	0.120503	0.098084	-0.018021	-0.006612	0.086318	0.148457	0.041327	0.066527	0.077367	0.149830	0.028271	-0.008178	-0.039627	-0.017682	0.032155	-0.018152	0.001307	0.142071	-0.078027	0.121466	0.025309	0.080955	-0.267926	-0.043968	-0.019800	0.037073	-0.064617	0.024366	0.140584	-0.046079	0.096002	-0.009725	0.216287	-0.032356	-0.105611	-0.041611	0.052912	-0.077984	0.120294	-0.074182	-0.020728	-0.014921	-0.016301	0.094624	0.029803	0.083336	0.069967	0.102558	0.053661	0.033199	-0.474179	0.058590	-0.067895	0.029991	-0.056459	0.057810	0.041373	0.192030	0.091598	0.097549	0.068392	-0.028353	-0.003477	-0.073158	-0.056109	0.061242	0.040770	0.026008	-0.017711	0.137783	-0.038737	-0.043175	0.017042	-0.081379	-0.081352	-0.054228	0.021862	-0.025090	0.794820	-0.082788	0.070007	0.041432	0.057727	0.004571	-0.043752	0.063356	-0.034561	-0.157252	-0.036832	-0.017968	0.082455	0.006083	0.056889	0.078330	0.096024	0.028654	-0.038392	0.029531	0.186860	-0.023167	-0.136064	0.050906	-0.044487	0.001642	0.063246	0.030467	-0.023888	-0.042237	0.022260	0.069122	-0.076850	-0.059719	0.153374	0.139545	0.098871	0.005473	-0.159861	0.098114	-0.024711	0.026548	0.228556	0.033831	-0.559899	-0.090212	0.154287	0.018428	-0.039579	-0.039898	0.090493	-0.084703	-0.046784	-0.027867	0.255495	0.049818	-0.079813	-0.061325	0.047377	0.054807	-0.015347	-0.095198	0.065564	0.033690	-0.051981	-0.004311	-0.041562	-0.038119	0.130955	0.058776	-0.024956	-0.102758	0.080700	0.066849	0.002485	0.074522	-1.735620	-0.004352	0.213511	0.073894	-0.146520	0.008336	0.004856	0.025265	-0.049450	0.139451	0.005305	0.075605	0.025425	-0.037946	-0.018349	-0.176510	-0.045955	0.019496	0.047419	0.075429	0.063092	-0.214170	-0.126666	0.051656
0.000000	-0.152698	0.133840	-0.105914	-0.087476	-0.048660	0.023407	0.001377	0.017327	0.062631	-1.484510	0.106863	-0.059362	-0.111578	0.096956	0.034306	0.129105	-0.044710	-0.051674	-0.039528	-0.025677	-0.032397	0.232885	0.134707	0.034082	-0.240034	-0.040956	0.008596	-0.146496	-0.051348	0.057101	-0.046646	0.237985	-0.243908	0.045169	-0.839327	0.070202	-0.044225	0.073027	-0.050015	0.101514	0.023129	-0.174279	-0.053568	0.120211	0.086148	0.111164	0.153428	0.111955	-0.073542	0.058354	0.073069	-0.078427	0.040747	-0.002214	-0.172453	0.145659	-0.037980	0.113265	0.207606	-0.074170	0.058741	0.057975	0.269226	0.106648	-0.115983	-0.396845	0.118223	0.006917	0.015778	0.011707	0.090337	0.050899	0.007086	0.093554	-0.092801	-0.001159	0.155301	0.090492	-0.146040	0.044866	-0.138095	0.056080	0.175788	0.097469	0.097519	0.051272	-0.126255	0.144193	0.051651	0.055262	-0.125274	0.101922	-0.224359	-0.141185	0.024930	0.013802	-0.267476	0.033906	-0.051109	-0.177503	0.112166	0.023443	-0.006611	-0.042730	-0.011595	0.012329	0.187054	0.091515	-0.195239	0.104942	-0.071976	0.007318	-0.116982	-0.190929	0.134091	0.124707	-0.079312	-0.004766	0.107329	-0.240560	-0.095822	-0.122971	0.036653	0.178321	-0.019083	-0.037104	0.066008	0.067816	0.123760	0.035167	0.078540	0.164788	0.092003	0.028176	-0.077952	0.060882	-0.039594	-0.039511	0.002523	0.184144	-0.068101	0.171961	-0.024236	0.058450	-0.430473	-0.071028	0.102586	0.065482	-0.090216	0.034352	0.094318	-0.018007	0.097649	-0.004621	0.192198	0.040800	-0.127934	-0.060407	0.123857	-0.039070	0.105681	-0.193654	0.027459	-0.037809	0.019550	0.102268	-0.019705	0.101158	0.096674	0.080349	-0.022951	-0.079858	-0.407597	-0.012171	-0.062220	0.049621	-0.031616	0.044174	0.051582	0.226473	0.134416	0.177858	0.128358	-0.039182	-0.021714	-0.043408	-0.127900	0.153606	0.110248	0.048785	-0.080490	0.144558	0.033527	-0.188480	-0.047930	-0.090699	-0.063613	-0.008092	-0.042816	-0.087843	0.976423	-0.071116	0.063272	0.054954	0.104613	0.027421	-0.044655	0.063940	-0.116223	-0.073378	-0.100240	-0.086955	0.095051	0.045017	0.046772	0.070724	0.043664	-0.002463	0.053222	0.028366	0.273416	-0.063102	-0.198013	0.047424	0.001274	0.014627	0.154495	-0.033161	-0.037439	-0.051369	0.027690	0.031249	-0.045793	-0.104064	0.054781	0.129223	0.018056	0.081574	-0.087442	0.061527	0.025080	-0.023168	0.176568	0.080835	-0.541684	-0.106191	0.199166	0.013493	-0.007668	-0.025288	0.012279	-0.083242	-0.098994	0.004616	0.407970	0.074627	-0.046258	-0.049119	0.130215	0.017087	-0.020101	-0.105618	0.025848	0.001680	-0.098736	0.038469	-0.068287	-0.100930	0.070631	0.129696	-0.037106	-0.152173	0.068794	0.087469	0.081467	-0.004687	-1.940759	-0.109072	0.252760	0.097578	-0.204529	0.071041	0.037944	-0.041463	-0.173899	0.166208	0.017600	0.102664	-0.063330	0.006473	0.048732	-0.207653	0.045409	0.034921	0.092381	-0.020848	0.061397	-0.234936	-0.111064	0.103338
0.000000	-0.086277	0.131032	-0.062412	-0.119324	-0.063076	0.030720	-0.035176	0.071198	0.105782	-1.334058	0.068515	-0.070339	-0.069238	0.145870	0.020000	0.060913	-0.139489	0.012854	-0.017322	-0.014590	-0.002533	0.222528	0.186907	0.045730	-0.204365	-0.040782	0.002634	-0.066331	-0.045063	0.028585	-0.020645	0.237330	-0.209933	0.075023	-0.790192	0.117418	0.008951	-0.008113	-0.012349	0.030910	0.025678	-0.127879	-0.063075	0.083493	0.077518	0.096040	0.169808	0.053010	-0.121346	0.047049	0.074238	-0.131131	0.061808	-0.062199	-0.088393	0.156680	-0.018851	0.113006	0.121887	-0.008881	0.120063	-0.017351	0.160515	0.027606	-0.048517	-0.260788	0.111019	0.064826	0.059676	-0.043277	0.044941	0.061339	-0.032828	0.114377	-0.023084	-0.002668	0.140692	0.104452	-0.153339	-0.045238	-0.107605	-0.041798	0.152688	0.016732	0.085578	0.040760	-0.132441	0.161744	0.044279	0.070959	-0.096974	0.162321	-0.181805	-0.132998	-0.034729	0.066471	-0.205002	0.001742	-0.007931	-0.201778	0.034205	-0.007156	-0.019367	-0.065116	-0.138802	-0.009965	0.068591	0.122946	-0.177372	0.114260	-0.028634	-0.134982	-0.120190	-0.224016	0.073259	0.065092	-0.117643	0.083684	0.027068	-0.163541	-0.031725	-0.142244	0.101407	0.113007	-0.056744	0.008282	0.018093	0.171641	0.054059	0.085511	0.047127	0.119995	0.046699	0.002959	-0.054778	-0.011840	-0.004972	0.004025	-0.007635	0.167743	-0.049107	0.136943	0.030068	0.116146	-0.299863	-0.015816	-0.013227	0.032661	-0.073520	0.015820	0.035578	-0.010282	0.033063	0.001140	0.188038	-0.029707	-0.135053	-0.079904	0.056955	-0.035898	0.075966	-0.148220	-0.035910	-0.050341	-0.027212	0.135561	0.008494	0.094835	0.072406	0.021654	0.017240	0.037233	-0.432527	0.037094	-0.062169	0.025493	-0.039489	0.071058	0.046134	0.204190	0.078334	0.142379	0.138140	-0.036976	-0.000332	-0.086299	-0.029024	0.076365	0.063502	0.056297	-0.017092	0.153575	-0.003913	-0.075772	0.015633	-0.093705	-0.089836	0.029799	0.032421	-0.057582	0.832599	-0.089193	0.090891	0.067845	0.064974	-0.006073	-0.013419	0.115547	-0.059470	-0.144686	-0.045721	-0.027810	0.049769	0.043333	0.048882	0.100743	0.095803	-0.004288	-0.007513	-0.008764	0.238516	-0.072505	-0.144650	0.023726	-0.019139	0.007120	0.118314	0.036556	-0.041867	-0.038495	-0.006399	0.035491	-0.025292	-0.137428	0.106433	0.133204	0.102169	0.038515	-0.125317	0.071924	-0.054861	0.033104	0.214830	0.117163	-0.533821	-0.107097	0.150408	0.015102	-0.029483	-0.046544	0.079856	-0.142512	-0.090175	0.024911	0.235876	0.045618	-0.018365	-0.092997	0.053175	0.053190	-0.040090	-0.119677	0.048161	0.003653	-0.031695	0.021844	-0.043510	-0.049049	0.116288	0.100547	-0.036831	-0.095752	0.072513	0.100945	0.033454	0.088589	-1.693459	-0.020487	0.155520	0.027133	-0.186801	0.019712	0.004988	0.021071	-0.047225	0.147251	-0.026834	0.077438	-0.030647	-0.079695	-0.023171	-0.163023	-0.018536	0.070494	0.050841	-0.009377	0.082682	-0.245930	-0.077052	0.109859
1.000000	-0.067325	0.093930	-0.037329	-0.124187	-0.064075	0.022101	-0.009914	0.074366	0.099051	-1.537740	0.074053	-0.083259	-0.157175	0.113939	-0.039778	0.099370	-0.083749	-0.021265	-0.023695	-0.041931	0.009693	0.205821	0.199880	0.037304	-0.248682	-0.057485	-0.000144	-0.052590	-0.012053	0.020169	-0.028009	0.212647	-0.173434	0.008579	-0.974797	0.116678	0.010163	0.067472	-0.039788	-0.068984	-0.007100	-0.150156	-0.055284	0.035757	0.036411	0.108709	0.163046	0.114116	-0.048761	0.101148	0.063258	-0.202084	0.030717	-0.075617	-0.148279	0.256833	-0.038155	0.229085	0.079844	0.018196	0.109424	-0.046048	0.174080	0.062167	-0.123312	-0.252268	0.076790	0.046755	-0.012374	-0.030151	0.052460	0.025502	-0.026415	0.110347	0.042323	-0.062341	0.061637	0.156010	-0.135977	-0.080563	-0.159986	-0.011234	0.209612	0.026561	0.110349	0.043235	-0.112293	0.172108	0.065093	0.093829	-0.208340	0.203915	-0.181827	-0.136769	-0.016467	0.082523	-0.208771	-0.000433	0.025366	-0.202264	0.038367	-0.058074	-0.106750	-0.014290	-0.044724	-0.034437	0.089930	0.107585	-0.159147	0.074986	0.017702	-0.123993	-0.072063	-0.280093	0.099931	0.106808	-0.105295	-0.013124	0.048011	-0.156306	-0.041433	-0.141439	0.132806	0.112238	-0.073125	-0.064264	0.016104	0.141580	0.011190	0.029960	0.105161	0.099406	0.068001	0.022056	-0.089990	0.009789	0.029432	-0.073356	-0.016197	0.155505	-0.098452	0.061130	0.033082	0.139487	-0.331706	-0.048952	-0.011849	-0.000577	-0.082779	-0.007291	0.061736	-0.023732	0.127679	-0.065856	0.199118	-0.004951	-0.127089	-0.106381	0.088847	-0.134802	0.100232	-0.179458	-0.000562	-0.072650	-0.029465	0.119545	0.044984	0.096616	0.055676	0.104141	0.030595	0.003560	-0.444190	0.022394	-0.043823	0.021166	-0.056011	0.117569	0.000058	0.235214	0.102810	0.045613	0.189340	-0.020618	-0.021664	-0.026651	-0.108211	0.098321	0.099410	0.049957	-0.056273	0.111650	0.023547	-0.115914	0.077985	-0.106163	-0.088195	0.012547	0.060366	-0.095173	0.855326	-0.092073	0.065110	0.089659	0.090902	0.022122	0.060705	0.092084	-0.010832	-0.142202	-0.103696	0.001613	0.069330	0.099527	0.015453	0.049884	0.104163	0.070554	-0.005395	0.003621	0.255654	-0.035937	-0.174120	0.047606	-0.034225	0.012125	0.117827	0.009722	-0.036543	-0.048284	-0.031352	0.048938	-0.010186	-0.149271	0.024376	0.125249	0.046870	0.042881	-0.134759	0.107268	-0.030085	0.103882	0.246408	0.107714	-0.533716	-0.048694	0.178722	0.006138	0.000767	-0.031850	0.127240	-0.189329	-0.070870	0.028057	0.374814	0.074526	-0.055235	-0.137758	0.016442	0.047684	-0.031673	-0.204612	0.048234	0.070766	-0.030638	0.038269	-0.128887	-0.086428	0.086264	0.114315	0.045291	-0.047668	0.076750	0.137170	0.023530	0.060309	-1.934559	0.037362	0.296244	0.007908	-0.208242	0.047662	0.070140	0.030119	-0.024647	0.112522	0.066396	0.141369	-0.008555	-0.071762	-0.011455	-0.187903	0.026484	0.043673	0.078480	-0.007486	0.035620	-0.219349	-0.116009	0.060511
0.000000	-0.101870	0.157052	-0.086171	-0.089782	-0.067180	-0.022240	-0.048258	0.041940	0.040131	-1.438617	0.044459	-0.061565	-0.057084	0.163171	0.055454	0.173490	-0.137144	0.012920	-0.013086	-0.002288	0.039256	0.237416	0.155532	0.034416	-0.261346	-0.083682	0.028849	-0.129520	-0.077446	0.006466	-0.059902	0.193901	-0.170689	0.071368	-0.874321	0.130352	-0.050562	0.082105	-0.069596	0.025057	0.010725	-0.132520	-0.007286	0.092275	0.095023	0.162485	0.201697	0.075578	-0.114444	0.055397	0.017693	-0.110881	0.045312	-0.041585	-0.078823	0.160813	-0.070022	0.153388	0.175944	-0.055253	0.152638	0.011153	0.163389	0.063390	-0.075211	-0.368993	0.063906	0.057681	0.001449	-0.022546	0.081751	0.048444	-0.018325	0.095839	-0.067619	0.006504	0.115360	0.137275	-0.187802	-0.073966	-0.139915	-0.021037	0.174106	0.035757	0.069048	0.032615	-0.127292	0.189438	0.023192	0.049580	-0.160932	0.145816	-0.185470	-0.147982	-0.041441	0.020612	-0.198720	0.025697	-0.027187	-0.226755	0.056713	0.036524	-0.033456	-0.095686	-0.054308	0.009075	0.068520	0.095883	-0.170292	0.167927	-0.031832	-0.063770	-0.137040	-0.218008	0.102800	0.117521	-0.165704	0.033945	0.073350	-0.228122	-0.068242	-0.137294	0.080852	0.069932	-0.038240	-0.052526	0.069783	0.147438	0.061171	0.032249	0.107871	0.157835	0.031371	0.020279	-0.051573	-0.019451	0.012675	-0.041950	-0.019304	0.151029	-0.043198	0.117674	-0.013198	0.113380	-0.362468	-0.054150	0.042747	0.038153	-0.096169	0.002601	0.071558	0.032253	0.090329	-0.001895	0.253664	-0.022034	-0.077114	-0.054617	0.113230	-0.004848	0.113149	-0.165772	-0.018881	-0.052120	0.014433	0.096737	0.008111	0.135319	0.109492	0.014602	0.045216	-0.040890	-0.455351	0.002281	-0.050903	-0.018255	-0.081785	0.068612	0.040307	0.187356	0.127744	0.155432	0.160489	-0.008261	-0.042297	-0.071531	-0.075952	0.072485	0.100708	0.079243	-0.056606	0.160744	0.045108	-0.105791	0.016190	-0.129033	-0.121112	-0.008804	0.061783	-0.050765	0.933934	-0.093462	0.107809	0.048652	0.036689	0.049637	-0.017352	0.055090	-0.050903	-0.108694	-0.079909	-0.027104	0.056429	0.029933	0.056188	0.053237	0.074078	0.013461	0.053012	0.007436	0.255341	-0.050467	-0.168233	0.007322	-0.007326	-0.017368	0.123707	-0.016216	-0.019686	-0.056107	0.014905	-0.018876	-0.076277	-0.167764	0.109975	0.135647	0.058770	0.034414	-0.074870	0.084697	0.031615	-0.014746	0.227637	0.078803	-0.518694	-0.091252	0.171595	-0.020238	-0.025248	-0.079565	0.103336	-0.117939	-0.041162	-0.000289	0.390855	0.063948	-0.008603	-0.106937	0.064663	0.078952	-0.044497	-0.083384	0.049606	0.048552	-0.080726	-0.023094	-0.057155	-0.097920	0.104912	0.076888	-0.050643	-0.160362	0.058290	0.134829	0.037222	0.075044	-1.810321	-0.040987	0.230449	0.102836	-0.197956	0.070777	0.079488	-0.005844	-0.084348	0.179137	-0.005586	0.072713	-0.002376	-0.016693	-0.021557	-0.186445	0.005775	0.014568	0.077877	0.007142	0.097934	-0.165042	-0.043324	0.072832
0.000000	-0.094829	0.105957	-0.067361	-0.128290	-0.038120	-0.056590	-0.025264	-0.001179	0.047189	-1.544559	0.082897	-0.043719	-0.108012	0.133392	-0.007949	0.121398	-0.105355	0.013413	-0.005653	-0.007542	0.046699	0.247613	0.164592	-0.005406	-0.284210	-0.072055	0.019046	-0.097751	-0.033066	-0.018225	-0.045503	0.253568	-0.170983	0.031894	-0.937481	0.132262	-0.072747	0.017669	-0.038379	0.017178	0.005557	-0.214264	-0.041900	0.023576	0.082693	0.078175	0.252551	0.069152	-0.067750	0.072976	0.071867	-0.138949	0.049119	-0.037766	-0.191307	0.208181	0.018099	0.155889	0.138703	-0.034438	0.134956	0.017057	0.149172	0.126787	-0.091340	-0.328588	-0.001499	0.020738	0.054402	-0.089225	0.080751	0.022422	-0.031028	0.179645	-0.020754	-0.033488	0.105758	0.098944	-0.218107	-0.049635	-0.151224	0.045667	0.266222	-0.020326	0.097184	0.035352	-0.112894	0.194556	0.037157	0.051792	-0.139584	0.128010	-0.207450	-0.188120	0.029777	0.007561	-0.216724	0.000578	0.011443	-0.206505	0.062458	-0.069719	-0.065484	-0.118793	-0.047204	-0.024839	0.142640	0.100868	-0.220000	0.086909	-0.050347	-0.046728	-0.108396	-0.260242	0.085866	0.120677	-0.093933	-0.008261	0.072285	-0.210043	-0.080594	-0.132077	0.133407	0.132962	-0.013739	-0.093003	0.054086	0.097743	0.044384	0.079331	0.170736	0.092044	0.031703	0.012158	-0.033165	0.023475	0.002962	-0.040396	-0.003218	0.164270	-0.060030	0.145521	0.057393	0.119804	-0.411677	-0.034152	0.026439	0.072269	-0.062561	-0.029187	0.024967	-0.007201	0.136145	-0.010864	0.170689	0.030164	-0.038999	-0.040464	0.142220	-0.075576	0.043405	-0.218530	-0.007229	-0.050584	0.010712	0.078565	-0.021360	0.139780	0.077402	0.065537	-0.033988	0.014303	-0.437913	-0.033246	-0.057255	0.027964	-0.044375	0.111054	0.109888	0.172898	0.078139	0.106677	0.184460	-0.068222	-0.011795	-0.074266	-0.066610	0.184795	0.093497	0.096740	0.000599	0.118060	0.024164	-0.113454	0.019016	-0.140869	-0.088005	-0.015906	0.020407	-0.094936	0.995745	-0.094319	0.136643	0.125615	0.099983	0.015372	-0.005707	0.018634	-0.046859	-0.119876	-0.140415	-0.040160	0.010101	0.059464	0.020986	0.066960	0.076432	-0.012554	0.024996	0.021849	0.236329	0.003573	-0.177304	0.119457	0.063159	-0.024161	0.140891	-0.068791	-0.046445	-0.024696	0.017227	0.009311	-0.038449	-0.170936	0.059691	0.135066	0.034230	0.036767	-0.130525	0.053486	0.038112	0.056709	0.181346	0.032828	-0.523918	-0.034111	0.151059	-0.014627	0.019512	-0.060472	0.114437	-0.089332	-0.051803	0.022457	0.428046	0.084667	-0.030444	-0.135876	0.084153	0.040241	-0.038441	-0.174936	-0.020660	0.059149	-0.038831	0.048139	-0.055285	-0.072708	0.073745	0.144598	-0.070374	-0.172975	0.096349	0.082625	0.030941	-0.004278	-1.853006	-0.001063	0.196931	-0.008880	-0.229580	0.038337	0.050326	-0.030220	-0.057376	0.133710	0.003473	0.050272	-0.024930	-0.065215	-0.020122	-0.164269	-0.039749	0.021732	0.099731	-0.014253	0.080804	-0.212382	-0.084072	0.130974
1.000000	-0.090313	0.109874	-0.039343	-0.111576	-0.027000	0.031420	0.001454	0.022224	0.088205	-1.600311	0.136282	-0.110934	-0.077428	0.142713	0.006629	0.083601	-0.185089	0.000020	-0.005775	-0.054222	0.015143	0.278356	0.183611	0.040631	-0.222882	-0.059040	0.047232	-0.093790	-0.008796	0.000789	-0.035817	0.188681	-0.219671	0.002527	-1.012590	0.141056	-0.049583	0.030650	-0.110351	-0.029330	0.004953	-0.183630	-0.062994	0.042213	0.059348	0.095229	0.197961	0.106649	-0.072595	0.073282	0.061820	-0.115499	0.038196	-0.099395	-0.160902	0.246307	-0.013947	0.166080	0.161607	0.028869	0.155108	-0.015673	0.203914	0.120291	-0.115806	-0.333490	0.063610	0.041228	0.029782	-0.030919	0.052453	0.023951	0.003308	0.119189	-0.025736	-0.030351	0.113611	0.146779	-0.143068	-0.099926	-0.128547	0.000442	0.192698	0.000030	0.095977	0.061008	-0.163748	0.225623	0.019626	0.063685	-0.199571	0.175787	-0.196503	-0.245315	0.010248	0.027586	-0.224850	-0.014146	-0.017638	-0.237246	0.021451	-0.030092	-0.084713	-0.039797	-0.050894	-0.042224	0.120823	0.096417	-0.129506	0.120548	0.004330	-0.120598	-0.090222	-0.265760	0.132181	0.118979	-0.076293	0.009603	0.079972	-0.150614	-0.092425	-0.109982	0.122865	0.157372	-0.001037	-0.062544	0.154483	0.191612	0.059480	0.081528	0.147138	0.066390	0.104705	-0.005156	-0.070183	0.014560	-0.032514	-0.045653	-0.038681	0.212588	-0.076627	0.135061	0.049518	0.112126	-0.405417	-0.071797	-0.003020	0.025145	-0.146317	-0.005224	-0.018527	-0.023209	0.117808	-0.076606	0.225191	0.006852	-0.053405	-0.072036	0.073108	-0.064226	0.073436	-0.183757	0.008879	-0.089485	-0.016741	0.084531	-0.002946	0.090593	0.062857	0.108266	0.012344	0.014664	-0.515836	0.016901	-0.036163	0.010171	-0.104070	0.075811	0.028209	0.194870	0.096808	0.040146	0.170039	-0.011059	-0.000214	-0.033417	-0.106436	0.123059	0.056663	0.121262	-0.060975	0.168754	0.071545	-0.089745	-0.016532	-0.159736	-0.075639	0.026623	0.044546	-0.072992	1.008285	-0.051125	0.071423	0.039928	0.055954	0.051247	0.033102	0.019741	-0.071131	-0.141084	-0.141919	-0.079685	0.067476	0.017904	0.007936	0.083521	0.040672	0.042951	-0.038966	0.006843	0.222144	-0.050325	-0.208022	0.071696	0.025877	-0.050131	0.174992	0.051713	-0.028283	0.006053	-0.017452	0.059213	0.026070	-0.162334	0.079410	0.161243	0.039930	0.023516	-0.090981	0.074170	0.002576	0.006340	0.204664	0.079461	-0.511968	-0.062790	0.160649	0.040039	-0.073292	-0.083711	0.112021	-0.127475	-0.076290	0.018800	0.326505	0.086317	-0.017329	-0.136016	0.051378	0.062629	-0.013120	-0.192992	0.037530	0.033213	-0.073078	-0.029680	-0.067287	-0.029810	0.153366	0.075650	-0.035842	-0.138460	0.098190	0.090453	0.040115	0.059517	-1.907062	-0.008988	0.318152	0.024188	-0.184723	0.010074	0.034647	0.017224	-0.066114	0.111639	0.034692	0.080888	-0.069654	-0.040011	0.000299	-0.176897	-0.024619	0.037300	0.099754	-0.058894	0.044912	-0.189349	-0.077686	0.099828
1.000000	-0.070520	0.130226	0.029723	-0.169312	-0.060105	0.005938	-0.094400	0.041152	0.037707	-1.359260	0.062884	-0.125713	-0.095233	0.151176	-0.005448	0.093634	-0.194471	0.043171	-0.013237	0.049747	-0.026789	0.214878	0.146047	0.084530	-0.223864	-0.051019	0.047806	-0.071218	-0.097660	-0.042557	-0.071953	0.235120	-0.226783	0.075435	-0.804063	0.201411	-0.009420	-0.002013	-0.101876	0.040178	0.040862	-0.141201	-0.009910	0.068255	0.119320	0.048513	0.238955	0.080806	-0.182938	0.062697	0.113473	-0.090192	0.052635	-0.075653	-0.120905	0.144577	-0.023623	0.158398	0.134470	-0.006891	0.163406	-0.040028	0.197346	-0.010168	-0.092823	-0.250793	0.026862	0.065204	0.033730	0.008133	0.079296	0.087685	0.027581	0.057914	-0.067309	-0.027766	0.183074	0.131932	-0.163460	-0.064998	-0.132435	-0.023531	0.100169	-0.005605	0.081559	-0.014873	-0.135286	0.176005	-0.009460	-0.022608	-0.168782	0.145976	-0.208475	-0.192318	-0.040251	0.014157	-0.174857	-0.000209	-0.035147	-0.169501	-0.003796	-0.007026	-0.034888	-0.168657	-0.143823	-0.024974	0.050320	0.068439	-0.182726	0.113183	0.062265	-0.087414	-0.140311	-0.201565	0.111128	0.089161	-0.147309	0.133654	0.088942	-0.187579	-0.075943	-0.139700	0.105334	0.098491	-0.042978	-0.089988	0.097631	0.193026	0.036940	0.111161	0.114703	0.198489	0.022277	0.046019	-0.049526	-0.065639	-0.015434	-0.015880	0.014403	0.185537	-0.014330	0.184737	-0.006596	0.038409	-0.325642	0.017391	-0.052137	0.016530	-0.069745	0.021301	0.050171	-0.003804	0.072975	-0.001985	0.241160	-0.031710	-0.106749	-0.085119	0.048653	-0.056458	0.115199	-0.090680	0.020045	-0.128001	-0.035082	0.082282	0.022084	0.128044	0.060118	0.005261	0.048910	0.055521	-0.542896	0.044531	-0.083902	0.003966	-0.090348	0.013129	-0.019583	0.154803	0.112871	0.099703	0.168106	-0.075080	-0.004660	-0.099298	0.022563	0.045696	0.014462	0.033579	-0.025991	0.228477	-0.041303	-0.044173	-0.014245	-0.093775	-0.060298	-0.026492	0.011126	0.002827	0.887779	-0.025926	0.137985	0.060468	0.047382	0.076539	0.009098	0.101786	-0.084763	-0.123768	-0.023979	-0.057873	0.062483	0.030469	0.039531	0.088926	0.122283	-0.028349	0.005933	0.045743	0.240714	-0.041593	-0.234433	-0.012821	-0.055676	-0.042977	0.095728	0.065388	-0.011364	-0.002673	-0.004441	0.046126	0.015891	-0.020409	0.189681	0.198036	0.068994	0.028761	-0.142417	0.085972	-0.081796	0.037496	0.249227	0.075858	-0.579836	-0.048197	0.133597	0.058080	-0.008523	-0.134160	0.112564	-0.115210	-0.048217	0.040619	0.227650	0.055299	-0.102507	-0.100431	0.059339	0.124353	-0.052354	-0.146885	0.124156	0.011728	-0.048063	-0.052134	-0.077260	-0.018231	0.112078	0.074921	-0.027411	-0.171961	0.048994	0.169753	0.061199	0.138447	-1.705373	-0.024281	0.211828	0.051693	-0.144342	-0.018656	0.029754	0.057920	-0.036493	0.193688	0.021424	0.072980	0.015728	-0.009025	-0.033735	-0.195242	-0.003454	-0.025716	0.060085	-0.041141	0.053910	-0.204380	-0.100488	0.068102
0.000000	-0.095811	0.091045	-0.080647	-0.124900	-0.066090	-0.054837	-0.011598	0.011647	0.039127	-1.554356	0.071034	-0.043287	-0.110995	0.158517	0.038180	0.148579	-0.147691	0.000281	-0.023059	-0.015377	0.043194	0.211757	0.134091	-0.015872	-0.267397	-0.065549	0.028399	-0.130535	-0.032942	0.017900	-0.031038	0.239534	-0.200183	0.057214	-0.935879	0.117566	-0.059443	0.022430	-0.056497	0.068022	0.017338	-0.202034	-0.054567	0.065925	0.108926	0.084727	0.168665	0.072522	-0.147301	0.088605	0.085252	-0.093994	0.003271	-0.052246	-0.116443	0.192142	-0.007946	0.154553	0.160097	-0.031203	0.120088	0.017711	0.171228	0.058256	-0.131511	-0.350089	0.058564	0.033049	0.056345	-0.071403	0.092515	0.021553	0.004842	0.136493	-0.041281	0.026885	0.174099	0.142439	-0.195938	-0.039910	-0.120812	-0.014087	0.204851	0.058262	0.082372	0.071293	-0.125746	0.209001	0.066294	0.077038	-0.162021	0.156296	-0.238907	-0.155438	-0.009021	0.007323	-0.234040	0.022965	-0.030125	-0.266070	0.068562	-0.036121	-0.029871	-0.080165	-0.063690	0.020544	0.103937	0.118770	-0.217028	0.129398	-0.049004	-0.094055	-0.121103	-0.221306	0.112553	0.127355	-0.111788	0.014408	0.085773	-0.220654	-0.033723	-0.122940	0.116050	0.082480	-0.028942	-0.063541	0.055020	0.128230	0.057072	0.080337	0.108037	0.143869	0.101429	-0.006926	-0.093793	-0.013921	0.019531	-0.052322	-0.015861	0.174896	-0.056952	0.139426	0.070249	0.103196	-0.382824	-0.059994	0.046473	0.027802	-0.113240	0.007481	0.067314	-0.014365	0.084586	0.054293	0.181229	-0.014946	-0.049461	-0.079992	0.108810	-0.049444	0.087239	-0.181698	-0.044081	-0.054170	0.004825	0.103187	-0.017223	0.158572	0.077850	0.073704	0.042909	0.007278	-0.494544	-0.001310	-0.057490	0.020799	-0.053506	0.046858	0.073909	0.216629	0.125769	0.190562	0.151788	-0.028737	-0.059955	-0.081038	-0.165410	0.154858	0.095629	0.118120	-0.065753	0.120185	0.036541	-0.089290	0.035313	-0.130472	-0.067672	0.002161	-0.001466	-0.094169	0.943639	-0.074381	0.068534	0.055057	0.061639	0.023250	0.012456	0.053957	-0.054997	-0.121813	-0.092918	-0.036271	0.106555	0.025081	0.012281	0.013936	0.059430	0.012608	0.037870	0.015779	0.277933	-0.088944	-0.173668	0.077131	0.058281	0.019026	0.136857	-0.004103	-0.010520	-0.056812	0.009298	0.011751	-0.043456	-0.171118	0.043384	0.138415	0.068842	0.023945	-0.091324	0.079026	0.003718	0.005171	0.224672	0.111592	-0.514668	-0.080703	0.199996	-0.004171	-0.023406	-0.098924	0.089937	-0.113664	-0.092163	0.009248	0.402365	0.048399	-0.033405	-0.088517	0.098812	0.038047	-0.046430	-0.136740	0.037498	0.044618	-0.064815	-0.044129	-0.083241	-0.053914	0.091265	0.101036	-0.046846	-0.144007	0.057289	0.108319	0.062863	0.049256	-1.879612	-0.056327	0.292271	0.060966	-0.238231	0.016919	0.067691	0.004263	-0.109469	0.139974	-0.020215	0.103556	-0.022056	-0.040560	-0.025956	-0.198259	0.008560	0.049936	0.117993	0.015977	0.073027	-0.236043	-0.079159	0.103241
1.000000	-0.047490	0.122125	0.015800	-0.165627	-0.065812	0.030019	-0.070737	0.057928	0.052892	-1.283892	0.062712	-0.060710	-0.112620	0.212214	-0.015996	0.166843	-0.186270	0.062568	-0.019270	0.013083	-0.076821	0.218132	0.102330	0.128748	-0.182056	-0.072295	0.045120	-0.075988	-0.131349	0.053601	-0.073409	0.225187	-0.273154	0.133775	-0.749410	0.189898	-0.001733	-0.014556	-0.093029	-0.017523	-0.003742	-0.126558	0.039299	0.104224	0.136576	0.120512	0.220342	0.126958	-0.116468	0.067851	0.041289	-0.091940	0.078572	-0.100214	-0.068009	0.113605	-0.007752	0.108039	0.201901	-0.000481	0.012114	-0.078172	0.238743	-0.036762	-0.092683	-0.291294	0.080551	-0.034742	-0.008987	0.000323	0.092039	0.024087	0.017334	-0.019882	-0.142890	0.032746	0.128664	0.041612	-0.173417	0.000687	-0.095841	0.025605	0.134186	0.028477	0.155258	-0.007588	-0.085769	0.079165	0.010638	0.041184	-0.086696	0.121199	-0.151176	-0.105461	0.032585	0.040833	-0.129044	-0.023137	-0.023776	-0.220785	-0.028862	0.036989	-0.014253	-0.104071	-0.092765	-0.036106	0.063616	0.103898	-0.114944	0.036993	0.050317	-0.061860	-0.049108	-0.209695	0.130005	0.050776	-0.122151	0.067731	0.005928	-0.151052	-0.066158	-0.076253	0.101853	0.093563	-0.063366	-0.055162	0.070271	0.134466	0.029549	0.151789	0.045910	0.138030	0.068569	-0.061488	-0.070026	0.014064	0.014068	-0.018007	-0.032112	0.207187	-0.067869	0.135539	0.025601	-0.022959	-0.268742	-0.066412	0.015762	0.012902	-0.125913	0.029308	0.106510	-0.050830	0.078133	-0.027083	0.208382	-0.010069	-0.042870	-0.024583	0.086757	-0.059853	0.154383	-0.095590	0.024493	-0.069446	-0.035191	0.046744	-0.002137	0.077452	0.112686	0.076269	0.007951	-0.020426	-0.452506	0.001204	-0.068481	0.104880	-0.091816	0.020397	0.000571	0.064457	0.093509	0.060221	0.109552	0.020488	0.042430	-0.073808	-0.017436	0.065670	-0.001653	0.108733	-0.003762	0.164585	-0.053391	-0.103207	-0.004918	-0.094328	-0.103007	-0.020589	-0.020566	0.068657	0.826609	-0.087408	0.066227	-0.022814	0.038596	0.022442	-0.029243	0.103111	-0.040552	-0.045908	-0.044526	0.007916	0.051598	-0.031947	0.126118	0.086108	0.097317	-0.075981	0.009511	0.018573	0.211291	-0.099886	-0.185375	0.032985	-0.058245	0.011781	0.041679	0.047493	0.010954	0.030594	0.025124	0.032573	-0.053031	-0.006204	0.173693	0.182306	0.055578	-0.024773	-0.149141	0.121442	-0.002633	0.053044	0.219301	0.072799	-0.568025	-0.043877	0.129245	0.086924	-0.041275	-0.097886	0.162575	-0.186203	-0.005465	-0.056197	0.211195	0.098999	-0.097204	-0.087285	0.048204	0.099369	-0.084493	-0.074952	0.031213	0.001085	-0.069274	-0.057398	-0.048093	-0.003469	0.156999	0.028363	-0.083512	-0.164941	0.000544	0.127845	0.053891	0.060066	-1.639826	0.046419	0.170557	0.064144	-0.224853	0.028298	-0.000596	-0.018084	-0.050511	0.179587	0.017182	0.067763	0.046404	0.003181	0.005747	-0.136709	-0.056219	0.064458	0.065616	0.088976	0.049469	-0.162956	-0.119702	0.012535
1.000000	-0.023842	0.104790	0.039303	-0.141574	-0.119696	0.001223	-0.100007	0.070518	0.050469	-1.184187	0.064035	-0.081779	-0.109329	0.222346	-0.054011	0.111318	-0.125330	0.057298	-0.105545	0.024048	0.006745	0.202982	0.115837	0.055020	-0.190586	-0.053481	0.035258	-0.062394	-0.102219	-0.040751	-0.116043	0.187613	-0.246279	0.111158	-0.750558	0.172948	0.030532	0.027077	-0.059841	0.010944	0.027288	-0.165166	-0.003943	0.131908	0.138832	0.117562	0.217937	0.136291	-0.134169	0.081050	0.090928	-0.092124	0.072627	-0.080559	-0.150427	0.207344	-0.055325	0.147401	0.200511	-0.022616	0.104807	-0.095569	0.137083	0.009782	-0.088882	-0.261890	0.051602	0.055032	-0.044982	-0.068442	0.077838	0.083119	-0.031187	0.029690	-0.132473	0.037548	0.232036	0.099117	-0.171484	-0.068627	-0.141792	-0.051428	0.176227	0.065970	0.093951	-0.018491	-0.076455	0.147658	0.053734	0.048892	-0.114375	0.013997	-0.134045	-0.086421	-0.057289	0.095100	-0.138342	0.082912	-0.095382	-0.133164	0.067722	0.013910	0.030927	-0.124408	-0.093408	-0.023129	-0.005838	0.121503	-0.155484	0.106030	0.052651	-0.016788	-0.065803	-0.243846	0.101856	0.017643	-0.154655	0.113637	0.116707	-0.217106	-0.097406	-0.141034	0.105448	0.032242	-0.159498	-0.081371	0.029598	0.216263	0.023623	0.143874	0.015017	0.231512	0.030608	0.023808	-0.103303	-0.085703	-0.005223	0.049134	-0.015228	0.184391	-0.060236	0.112647	-0.048188	0.077690	-0.226102	-0.004990	-0.009665	-0.091456	-0.062530	-0.028976	0.074574	-0.018159	0.086981	0.075172	0.217581	-0.094112	-0.092509	-0.103268	0.031590	-0.069145	0.090913	-0.134496	-0.006030	-0.070064	-0.054041	0.068739	-0.019644	0.118180	0.105102	-0.045664	0.091144	-0.005372	-0.409043	-0.006361	-0.025179	0.028692	-0.027910	0.017229	0.047879	0.121856	0.086879	0.082497	0.171114	-0.113357	0.035816	-0.120705	0.014371	0.049173	0.000595	0.024996	0.045419	0.209888	0.011717	-0.096262	0.034979	-0.104433	-0.134040	-0.036945	0.008464	-0.031969	0.793232	-0.131279	0.095726	0.057884	0.074883	-0.010208	0.036001	0.098404	0.001681	-0.107531	-0.019507	-0.007807	-0.001245	0.023702	0.088583	0.090230	0.160250	-0.084843	0.092823	-0.009740	0.303526	-0.055178	-0.177572	0.008171	-0.088412	-0.020065	0.079147	-0.017226	-0.032677	-0.045898	0.000645	0.013395	-0.037026	-0.078331	0.200365	0.143642	0.053565	0.051565	-0.184638	0.076213	-0.104446	0.076710	0.188468	0.106003	-0.491604	-0.039525	0.169640	-0.029019	0.058631	-0.143360	0.151555	-0.134606	-0.015553	0.018549	0.261578	0.072303	-0.077704	-0.108216	0.073612	0.104784	0.010372	-0.103331	0.049493	0.036855	-0.009304	-0.028478	-0.122133	-0.066163	0.147462	0.101488	-0.045667	-0.170137	0.030730	0.184519	0.029393	0.158012	-1.560214	0.033390	0.088230	0.012011	-0.174441	0.000527	0.032228	-0.026209	-0.017539	0.153173	-0.007927	0.075392	0.015840	-0.039399	-0.021661	-0.202061	0.000264	0.059397	0.063243	0.017200	0.055928	-0.204447	-0.101805	0.054443
0.000000	-0.089141	0.128016	-0.072902	-0.172035	-0.082806	-0.007712	-0.037089	0.058188	0.099939	-1.474352	0.011564	-0.094860	-0.100559	0.153173	-0.007926	0.122115	-0.082233	0.007103	-0.071963	-0.037717	0.005424	0.252190	0.159513	0.062109	-0.227939	-0.057391	0.033980	-0.078145	-0.044545	0.023340	-0.069469	0.216923	-0.200806	0.079120	-0.858260	0.087519	-0.015759	0.021232	-0.026698	0.074660	-0.027752	-0.158898	-0.057449	0.076693	0.105232	0.139777	0.145364	0.093848	-0.088032	0.084332	0.062795	-0.099207	0.028021	-0.078193	-0.103779	0.196756	-0.044333	0.185309	0.179502	0.006661	0.066504	-0.016565	0.167584	0.068484	-0.105268	-0.354635	0.072646	0.048488	-0.003859	-0.021500	0.141482	0.008484	-0.005158	0.101024	-0.055098	-0.024633	0.132113	0.150777	-0.222053	-0.044963	-0.122698	0.008264	0.202767	0.068734	0.106552	0.022491	-0.060650	0.164786	0.039074	0.053974	-0.135119	0.109380	-0.184989	-0.107764	-0.001627	0.016519	-0.172485	0.043081	0.004639	-0.204082	0.042304	-0.002145	-0.030648	-0.115504	-0.083166	-0.012961	0.047262	0.075462	-0.171176	0.146138	-0.023454	-0.019086	-0.101468	-0.223044	0.027946	0.033827	-0.059106	0.004227	0.076509	-0.223289	-0.114005	-0.106230	0.070456	0.096728	-0.040400	-0.029916	0.068291	0.146716	0.043857	0.112922	0.085768	0.132838	0.074042	-0.017075	-0.057835	0.031242	0.009660	-0.028776	-0.031556	0.162637	-0.082396	0.119465	0.018732	0.126932	-0.339601	-0.052549	0.035537	0.062058	-0.090728	-0.028743	0.119038	-0.056558	0.101915	0.017007	0.209167	-0.005230	-0.113775	-0.025614	0.090343	-0.076573	0.075199	-0.135255	-0.029430	-0.020177	0.029940	0.070898	0.020519	0.158890	0.108870	0.042397	0.036730	-0.004974	-0.472104	-0.003744	-0.096691	0.005284	-0.074905	0.065830	0.062092	0.209114	0.127087	0.152832	0.128250	-0.008683	-0.030895	-0.072112	-0.079327	0.071650	0.105406	0.083653	-0.047818	0.083929	0.013038	-0.111234	0.000799	-0.124534	-0.144524	-0.008826	0.030167	-0.072338	0.838266	-0.066874	0.133758	0.038522	0.063871	0.008309	-0.037116	0.072253	-0.015380	-0.127099	-0.125026	-0.013824	0.039603	0.056215	0.020338	0.090410	0.147361	-0.024302	0.052003	0.009257	0.242145	-0.060295	-0.148086	0.020507	0.031125	0.044468	0.154182	-0.033122	-0.053517	-0.073631	0.028578	0.019295	-0.112154	-0.148017	0.062239	0.069710	0.075779	0.031709	-0.101782	0.073472	-0.022642	0.028148	0.235064	0.087075	-0.548013	-0.060523	0.191314	-0.025875	-0.041755	-0.089897	0.123865	-0.174817	-0.014041	-0.030423	0.358891	0.102492	-0.028507	-0.080344	0.039069	0.068767	-0.014122	-0.115729	0.017865	0.025953	-0.057498	0.011269	-0.094800	-0.029162	0.114404	0.085245	-0.048170	-0.176040	0.089235	0.054566	0.010536	0.083732	-1.840393	-0.011066	0.220790	0.075111	-0.159021	0.090852	0.036664	-0.032615	-0.056396	0.169832	0.003836	0.057186	-0.028711	-0.028227	-0.008289	-0.214747	0.022201	0.039243	0.087943	0.010718	0.062141	-0.199500	-0.134643	0.040818
1.000000	-0.016949	0.132699	0.044339	-0.152073	-0.087695	-0.062867	-0.093534	0.034488	0.068528	-1.152746	0.061657	-0.070352	-0.102795	0.177185	-0.031151	0.076557	-0.205718	0.100226	-0.025010	-0.008918	-0.010033	0.171335	0.090550	0.153128	-0.171529	-0.031446	0.003340	-0.063148	-0.039428	-0.018578	-0.110798	0.199814	-0.214731	0.005696	-0.658836	0.252558	-0.034920	0.038879	-0.125652	0.059997	0.075381	-0.057504	-0.003080	0.053588	0.089482	0.050315	0.184726	0.073998	-0.189934	0.062541	0.121479	-0.088655	0.085879	-0.036482	-0.120109	0.112352	-0.048644	0.104412	0.140662	-0.012197	0.100355	-0.008836	0.237002	-0.065636	-0.096621	-0.200267	-0.044422	0.075203	0.006958	-0.005059	0.030960	0.042904	-0.031702	-0.055742	-0.101138	0.001987	0.184052	0.067905	-0.098680	-0.040652	-0.063062	0.006889	0.078231	-0.001792	0.137772	-0.026490	-0.061073	0.121760	0.044600	-0.019080	-0.133232	0.125153	-0.071794	-0.098113	0.044740	0.023092	-0.188460	0.094432	-0.022343	-0.171477	0.018816	0.034167	0.013975	-0.140066	-0.146352	-0.119732	0.050964	0.030422	-0.207528	0.088051	0.073400	-0.047957	-0.133851	-0.269212	0.172558	0.026325	-0.092381	0.113479	0.020959	-0.152642	-0.015678	-0.031088	0.071364	0.100392	-0.051401	-0.051805	0.088486	0.174275	0.002024	0.087168	0.076221	0.172912	0.056354	-0.070211	-0.022551	-0.015062	-0.025882	0.025577	-0.012958	0.134632	-0.029119	0.124781	0.017774	-0.039932	-0.244810	-0.026403	-0.046645	0.004968	-0.041820	0.035615	0.061655	-0.033310	0.055703	-0.021918	0.191579	0.015324	-0.113788	-0.052296	0.051963	-0.055916	0.080687	-0.024321	0.001668	-0.112249	0.000491	0.048593	0.033250	0.075605	0.008513	-0.073523	0.059667	0.062812	-0.483290	0.046498	-0.099226	-0.037479	-0.079047	0.027562	0.059260	0.110005	0.066174	0.028910	0.140937	0.004022	0.030813	-0.054623	0.049557	0.022572	0.035361	-0.008893	-0.048799	0.102252	-0.006722	-0.021917	-0.014943	-0.104508	-0.097599	-0.013687	0.052544	0.020210	0.725831	-0.044256	0.082407	0.046482	0.006418	0.087695	-0.024664	0.067319	-0.121286	-0.079384	-0.054171	-0.042444	0.048721	0.120417	0.031553	0.035646	0.109007	-0.063389	-0.067547	0.108215	0.114806	0.000170	-0.183780	0.013887	-0.062491	-0.073765	0.095130	0.059135	0.014557	-0.027891	-0.019426	0.012433	0.013127	-0.065907	0.130075	0.190825	0.083156	-0.004669	-0.111595	0.109040	-0.028170	0.000619	0.200266	0.051714	-0.544925	-0.031487	0.148308	0.098015	-0.009991	-0.105764	0.095862	-0.099718	-0.042876	-0.000334	0.136334	0.078268	-0.098596	-0.089022	0.052511	0.085423	-0.048285	-0.083875	0.133625	0.002782	0.042284	-0.071080	-0.055699	-0.020137	0.168577	0.105329	0.021264	-0.165084	0.037938	0.113684	0.058976	0.103528	-1.440321	-0.030595	0.178700	0.007647	-0.075050	-0.020637	-0.030147	0.090444	-0.029076	0.109769	-0.056868	0.049800	0.045390	0.073756	-0.043196	-0.145135	0.045565	0.017566	0.111503	-0.013168	0.040044	-0.131784	-0.076566	0.042336
0.000000	-0.093016	0.147542	-0.069049	-0.149727	-0.051385	-0.034939	-0.004641	0.017269	0.029035	-1.587133	0.106802	-0.048282	-0.080930	0.101819	0.045589	0.137421	-0.144719	-0.021790	0.002137	-0.049357	0.064911	0.282204	0.152820	0.025544	-0.369174	-0.031783	-0.008659	-0.153187	-0.047845	-0.000255	-0.050978	0.273226	-0.123017	0.001652	-0.924529	0.112944	-0.080516	0.047919	-0.082591	-0.000739	-0.009399	-0.165410	-0.022157	0.034854	0.022199	0.141040	0.092690	0.043203	-0.089505	0.104652	0.023251	-0.130448	0.017553	0.040542	-0.120735	0.222128	0.000820	0.210350	0.207421	-0.018474	0.102667	0.006231	0.200498	0.119297	-0.156490	-0.332675	0.015707	-0.015396	0.019606	-0.008178	0.112822	-0.025830	0.002452	0.175345	-0.017353	-0.010463	0.058881	0.130047	-0.180544	-0.012368	-0.115731	0.031206	0.217956	0.016934	0.140696	0.076329	-0.129165	0.135264	0.048112	0.119413	-0.254121	0.220580	-0.281907	-0.142583	0.051082	0.026623	-0.207626	-0.035341	0.029251	-0.251178	0.074361	-0.038989	-0.043038	-0.079410	0.027472	-0.001681	0.046675	0.092205	-0.152368	0.175314	-0.021737	-0.091035	-0.102822	-0.249575	0.122979	0.091209	-0.166545	-0.101728	-0.018540	-0.160802	-0.045877	-0.036739	0.106301	0.092508	-0.010871	-0.115394	0.082392	0.089431	0.079475	-0.000640	0.203782	0.014456	0.055136	-0.035465	-0.072965	0.094175	-0.016107	-0.090989	-0.028148	0.117248	-0.021315	0.073248	0.070510	0.057290	-0.321563	-0.092102	0.090921	0.024906	-0.117245	0.045088	0.032168	-0.028133	0.155596	-0.013872	0.159917	0.020045	-0.007801	-0.100150	0.102668	-0.055133	0.143038	-0.188616	0.021067	-0.082515	0.042045	0.041876	-0.013935	0.161041	0.064406	0.103760	-0.005325	-0.033598	-0.506167	-0.050319	-0.022391	0.006297	-0.025899	0.069744	0.031202	0.205914	0.148378	0.115061	0.135507	-0.020303	-0.074531	-0.082187	-0.147181	0.143180	0.098401	0.119381	-0.082650	0.137841	0.082152	-0.106136	0.027604	-0.120710	-0.110160	0.023328	0.015399	-0.080602	0.942563	-0.093494	0.042242	0.019727	0.039906	0.074475	0.009768	0.078699	-0.099011	-0.121333	-0.133135	-0.052044	0.097619	0.049219	0.069317	0.041455	0.023957	0.056165	0.020126	0.034523	0.125328	-0.033673	-0.135835	0.077810	0.089896	0.057934	0.066584	0.012432	0.022677	-0.033580	0.014777	0.011071	-0.000284	-0.137748	-0.043162	0.093562	0.016331	0.021863	-0.078187	0.095484	0.091791	-0.030407	0.226201	0.023909	-0.481489	-0.045882	0.117993	-0.056666	-0.033249	-0.090617	0.100001	-0.105059	-0.083194	0.048102	0.442671	0.028178	-0.089877	-0.112912	0.137589	-0.026705	-0.108489	-0.075098	0.014728	0.042278	-0.119116	0.026998	-0.053751	-0.043847	0.094198	0.146898	-0.044887	-0.187696	0.052993	0.071879	0.040030	0.020934	-1.844925	-0.021153	0.360729	0.069792	-0.206460	0.041952	0.069231	0.038733	-0.066760	0.162959	-0.017210	0.076322	-0.029975	0.017496	-0.015221	-0.166254	-0.004333	0.028011	0.167162	-0.013431	0.060237	-0.183655	-0.086918	0.053730
0.000000	-0.074993	0.133456	-0.007776	-0.111216	-0.086129	0.018425	-0.028314	0.042835	0.094612	-1.518270	0.075246	-0.037849	-0.065800	0.175172	0.040807	0.128837	-0.136069	0.009766	-0.010119	-0.063774	-0.013197	0.244875	0.164430	0.056675	-0.261607	-0.077000	0.068098	-0.139164	-0.005452	0.049231	-0.016179	0.202555	-0.171889	0.083586	-0.899520	0.111076	-0.117110	0.030661	-0.031877	0.046190	-0.010148	-0.149375	-0.039415	0.056807	0.090043	0.141676	0.178373	0.082284	-0.088653	0.043010	0.037850	-0.164443	0.059480	-0.073163	-0.105456	0.192396	-0.007432	0.231380	0.171281	-0.010332	0.096825	-0.002483	0.215937	0.086006	-0.126852	-0.319420	0.093364	-0.021967	0.045774	-0.068565	0.069250	0.052819	0.001438	0.121244	-0.048400	-0.030067	0.111080	0.210394	-0.180925	-0.037651	-0.138520	0.000835	0.211239	0.023272	0.129592	0.034821	-0.142059	0.167297	0.057913	0.100866	-0.142830	0.167979	-0.197304	-0.193811	-0.005277	0.039751	-0.208628	-0.005948	-0.025207	-0.218867	0.014027	-0.027546	-0.040690	-0.081633	-0.009093	-0.017664	0.106120	0.149237	-0.186488	0.099581	-0.040800	-0.071552	-0.097570	-0.254042	0.140826	0.084032	-0.102372	-0.014451	0.072601	-0.191570	-0.064190	-0.152130	0.124875	0.111974	-0.060295	-0.065651	0.053696	0.125692	0.049645	0.053340	0.145649	0.109377	0.075125	0.005289	-0.083455	0.012911	-0.011913	-0.007009	0.007241	0.169459	-0.087017	0.125736	0.038342	0.134548	-0.380046	-0.030973	0.034933	0.057974	-0.096712	-0.005207	0.032349	-0.040041	0.118425	0.029151	0.159770	-0.000800	-0.099509	-0.046477	0.083199	-0.024071	0.080619	-0.176592	-0.036243	-0.063125	0.038215	0.146793	-0.005135	0.136071	0.122567	0.071610	0.050492	-0.029651	-0.439704	-0.036149	-0.088946	0.024908	-0.129574	0.074346	0.032462	0.199642	0.159020	0.119762	0.171846	-0.039738	-0.012235	-0.097137	-0.075634	0.125286	0.080410	0.109995	0.001244	0.152827	0.018187	-0.120756	-0.016444	-0.158811	-0.144362	-0.000110	0.022881	-0.103210	0.884610	-0.100808	0.055437	0.029089	0.084269	-0.013991	-0.011944	0.052500	-0.049078	-0.164844	-0.125260	0.010019	0.053200	0.080373	0.052798	0.038673	0.073302	0.015307	0.016059	0.055639	0.276430	-0.054317	-0.160345	0.061741	0.008335	-0.009334	0.100986	-0.037446	-0.043164	-0.006690	0.002025	-0.000496	-0.037294	-0.188065	0.115932	0.132490	0.066279	0.086160	-0.080102	0.145336	0.029523	0.041819	0.219346	0.089320	-0.538093	-0.065376	0.196412	0.004395	-0.019336	-0.039803	0.123327	-0.132503	-0.085276	0.019824	0.356061	0.079144	-0.077933	-0.095400	0.082434	0.073199	-0.063760	-0.143094	0.055075	0.045284	-0.095372	0.023886	-0.037331	-0.077784	0.121211	0.080185	-0.036930	-0.203564	0.091822	0.102430	0.043187	0.086284	-1.876015	0.024387	0.248105	0.065520	-0.213612	0.046092	0.054016	-0.016031	-0.045069	0.162124	-0.039786	0.089835	-0.050400	-0.064746	-0.009791	-0.221259	-0.040227	0.064983	0.102956	-0.012200	0.089215	-0.201288	-0.071978	0.106480
0.000000	-0.088295	0.129823	-0.035742	-0.143597	-0.054404	-0.001847	-0.035196	0.052991	0.045760	-1.412558	0.111341	-0.136486	-0.147682	0.189312	-0.027286	0.079987	-0.159014	0.005100	-0.057713	0.031838	-0.009987	0.202085	0.240856	0.050867	-0.211590	-0.061347	0.064946	-0.105297	-0.076743	0.016802	-0.100118	0.231643	-0.220124	0.014348	-0.820160	0.153314	0.013340	0.057812	-0.081518	0.032495	0.067139	-0.123062	-0.009842	0.027073	0.080195	0.075850	0.166528	0.104893	-0.091999	0.016792	0.008617	-0.131787	0.084199	-0.065456	-0.091204	0.160352	-0.094219	0.136731	0.144064	0.004081	0.132079	-0.039235	0.176560	0.064302	-0.053884	-0.292622	0.137132	0.036387	0.049018	-0.032882	0.082882	-0.002022	0.013258	0.081291	-0.074125	-0.021573	0.098354	0.196923	-0.140015	-0.093385	-0.118735	0.017885	0.180952	-0.054021	0.072619	0.045092	-0.061500	0.206968	-0.026286	0.007642	-0.141914	0.156623	-0.200305	-0.069100	-0.015229	0.057147	-0.149844	0.038945	-0.022358	-0.175731	0.041613	-0.092449	0.018277	-0.115187	-0.162511	0.051530	0.109075	0.091196	-0.150266	0.118317	0.007781	-0.037881	-0.059715	-0.257174	0.109480	0.106012	-0.189866	0.061549	0.088003	-0.206001	-0.074399	-0.140344	0.062748	0.105828	-0.098149	-0.030027	0.077295	0.159742	0.051680	0.064724	0.126765	0.114249	0.081542	0.013413	-0.028594	-0.008724	-0.014321	-0.020920	0.010235	0.212849	0.004745	0.146954	0.016462	0.056689	-0.319983	-0.077370	0.001170	0.001862	-0.073890	0.008180	0.030536	-0.007222	0.038778	0.017913	0.206779	-0.041888	-0.080351	-0.147988	0.058221	-0.090360	0.074154	-0.127370	-0.009747	-0.082132	-0.009968	0.112705	-0.044157	0.095489	0.081375	0.064334	0.064086	-0.048204	-0.440964	0.056743	-0.053884	0.003905	-0.068112	0.020252	0.112268	0.102355	0.102208	0.072949	0.175077	-0.049847	-0.082609	-0.118270	0.009600	0.138290	0.082699	0.046199	-0.018237	0.223294	0.046815	-0.033446	0.051791	-0.108404	-0.065412	-0.023887	0.029806	-0.097606	0.893421	-0.083018	0.082742	0.027701	0.106665	0.026463	-0.003881	0.111119	-0.066027	-0.126372	-0.014248	-0.042326	0.016862	0.039573	0.091588	0.013949	0.165337	-0.028667	-0.008606	-0.002303	0.224961	-0.016771	-0.161687	-0.021363	-0.070337	-0.036294	0.108423	-0.014699	-0.046484	-0.049053	0.000807	-0.002107	-0.045485	-0.159328	0.078242	0.171270	0.094616	0.100753	-0.180452	0.042531	-0.014840	0.056935	0.163438	0.060092	-0.519143	-0.028652	0.181557	-0.060209	-0.039870	-0.123540	0.127262	-0.165033	-0.073836	-0.014520	0.330494	0.096677	-0.055219	-0.094099	0.041061	0.037494	0.030921	-0.118905	0.039079	0.047134	-0.100108	-0.014840	-0.113664	-0.063144	0.098209	0.099798	-0.071992	-0.170541	0.044624	0.085257	0.012826	0.091786	-1.729783	0.009242	0.106242	-0.012833	-0.163761	0.025265	0.012229	0.040118	-0.051230	0.176048	0.011315	0.105611	0.021528	-0.047503	-0.002164	-0.133556	-0.005324	-0.004763	0.050812	-0.039740	0.054762	-0.181309	-0.070548	0.107084
0.000000	-0.091630	0.132035	-0.023437	-0.112161	-0.067700	-0.027373	-0.009849	0.055087	0.061727	-1.331046	0.093025	-0.073042	-0.078578	0.193069	0.014559	0.074488	-0.159002	0.020962	-0.040999	0.012502	0.001520	0.209289	0.123477	0.029148	-0.238094	-0.087760	0.015918	-0.060776	-0.062945	-0.016431	-0.090139	0.232025	-0.229192	-0.026544	-0.834356	0.201624	-0.006944	0.017028	-0.071299	-0.033098	0.005652	-0.158098	-0.017827	0.022622	0.123837	0.085295	0.156031	0.107226	-0.129831	0.064540	0.083731	-0.116799	0.067324	-0.079310	-0.145443	0.164600	-0.042971	0.140420	0.175814	-0.018052	0.165942	-0.024103	0.158491	0.116554	-0.072412	-0.246852	0.061334	0.051167	0.074490	-0.004772	0.049128	0.039923	0.020578	0.124473	-0.051812	0.004301	0.182015	0.138160	-0.156907	-0.063445	-0.125578	0.000033	0.153256	-0.028571	0.094177	0.024300	-0.149510	0.216603	0.006829	0.029122	-0.166363	0.164257	-0.158673	-0.170337	0.000273	0.061483	-0.189113	0.012035	-0.000982	-0.210168	-0.014739	-0.020164	-0.027179	-0.076361	-0.134647	-0.035026	0.073088	0.114710	-0.169054	0.080006	0.046636	-0.053569	-0.081641	-0.228629	0.104669	0.075798	-0.151763	0.088015	0.085132	-0.156708	-0.090678	-0.149135	0.096571	0.122555	-0.065815	-0.067733	0.105039	0.185801	0.042264	0.113744	0.061537	0.167881	0.058374	0.064342	-0.054835	-0.005256	0.003558	-0.024256	-0.047829	0.182551	-0.005495	0.157621	0.017423	0.100984	-0.319938	-0.047799	-0.065140	0.010217	-0.050164	-0.052430	-0.108502	0.001907	0.077496	-0.038118	0.155300	-0.065077	-0.056687	-0.053396	0.055242	-0.040281	0.127428	-0.141347	-0.003329	-0.030200	0.017865	0.109002	-0.014863	0.150121	0.042771	-0.021953	0.034464	0.002075	-0.448609	0.050031	-0.033388	-0.021149	-0.032930	0.046968	0.059491	0.145628	0.094647	0.107025	0.157983	-0.064185	-0.029097	-0.090992	0.048185	0.116881	0.110570	0.021617	-0.058206	0.196790	0.017174	-0.060486	-0.001125	-0.123978	-0.073562	0.015840	0.027728	-0.053569	0.844532	-0.097878	0.122780	0.107747	0.036870	0.077295	0.027401	0.103481	-0.037201	-0.159702	-0.057513	-0.069425	0.058495	0.048408	-0.006946	0.083612	0.186417	0.030213	0.021827	0.013080	0.177795	-0.006464	-0.215399	0.019114	-0.037411	-0.035036	0.110114	0.071161	-0.070878	-0.059715	-0.000672	0.059535	-0.020170	-0.136406	0.129321	0.174163	0.065962	0.074500	-0.190321	0.010491	-0.055304	0.015834	0.162538	0.085135	-0.535567	-0.016654	0.157431	0.018085	-0.057042	-0.147756	0.133684	-0.127114	-0.074376	0.018670	0.252019	0.084585	-0.058334	-0.091897	0.029979	0.044306	-0.010832	-0.163414	0.036809	0.007667	-0.038826	-0.022204	-0.053013	-0.003227	0.129499	0.092678	-0.043431	-0.107871	0.101050	0.121574	-0.000341	0.099706	-1.685247	-0.018339	0.139652	-0.015876	-0.163381	0.021337	0.007869	0.004953	-0.080400	0.125203	0.033048	0.051110	-0.013488	-0.038022	-0.016707	-0.151449	0.005661	0.013482	0.043975	-0.120464	0.077499	-0.233240	-0.057587	0.092848
1.000000	-0.050592	0.116430	-0.018203	-0.119589	-0.061312	0.038358	-0.035882	0.113597	0.057264	-1.172545	0.071358	-0.036099	-0.111668	0.169116	0.004062	0.110081	-0.156859	0.049017	-0.016036	-0.003301	-0.026660	0.159570	0.070684	0.121349	-0.170115	-0.040300	0.015359	-0.117071	-0.088227	-0.044911	-0.020624	0.180647	-0.230407	0.034858	-0.706340	0.093936	0.011361	-0.002687	-0.099891	-0.020223	-0.018789	-0.156386	0.000181	0.127173	0.108629	0.088508	0.216558	0.125794	-0.138342	0.075098	0.094746	-0.100552	0.093951	-0.053356	-0.113668	0.093790	-0.013817	0.123560	0.035200	-0.005338	0.102668	-0.040589	0.221812	0.027854	-0.050491	-0.241453	0.092942	0.110437	-0.014934	-0.025897	0.003918	0.040649	-0.023400	-0.001147	-0.123221	-0.006059	0.223307	0.138413	-0.137444	-0.065753	-0.155671	0.016788	0.120126	0.026597	0.054695	0.035969	-0.151244	0.156399	0.038100	0.057239	-0.098202	0.127093	-0.092419	-0.093523	-0.017732	0.071530	-0.198693	0.051723	-0.026621	-0.143179	0.075955	-0.055281	0.004195	-0.075105	-0.154357	-0.018433	0.069336	0.087529	-0.137025	0.116393	-0.003376	-0.080858	-0.123695	-0.260446	0.102740	0.030335	-0.124217	0.026922	0.061438	-0.076812	-0.029368	-0.140524	0.092259	0.051491	-0.041307	-0.077555	0.027726	0.127397	0.057230	0.072634	0.007075	0.223954	0.107176	0.047530	-0.065158	-0.080142	0.032377	0.037803	-0.015682	0.214110	-0.036669	0.117329	-0.001853	0.078447	-0.264849	-0.016107	-0.018391	0.052005	-0.044544	-0.013537	0.105366	-0.017388	0.092837	0.035180	0.175844	-0.042113	-0.100581	-0.067509	0.038563	-0.067560	0.099296	-0.101135	-0.040256	-0.098235	-0.022568	0.104234	0.043982	0.063168	0.022862	0.029629	0.068155	0.042748	-0.474927	0.094413	-0.141044	0.007605	-0.123488	0.004877	0.005131	0.153259	0.071508	0.033503	0.131113	-0.003086	0.011745	-0.050575	-0.038132	0.053477	0.119475	0.064843	-0.058671	0.179517	-0.039749	-0.022565	0.022518	-0.130161	-0.054220	-0.047977	0.020482	0.030192	0.750237	-0.066877	0.074084	0.046799	0.027332	0.076711	-0.020909	0.054321	-0.064979	-0.137034	-0.022979	0.019034	0.024519	0.037188	0.069488	0.113347	0.093376	-0.003075	-0.028478	0.023266	0.226322	-0.078053	-0.138793	-0.040189	-0.030887	-0.045133	0.070070	0.042359	-0.081921	-0.028554	-0.031818	0.001590	-0.032300	-0.033645	0.122590	0.145182	0.087810	0.031795	-0.184731	0.119478	-0.073048	0.011930	0.243110	0.099343	-0.560813	-0.049742	0.182638	0.085775	0.042767	-0.069658	0.153927	-0.162500	-0.068431	0.011968	0.120732	0.075620	-0.036725	-0.045566	0.060553	0.108967	-0.019955	-0.122043	0.100838	-0.055009	-0.004745	-0.047271	-0.123716	-0.088905	0.130538	0.064232	-0.082555	-0.147286	0.031669	0.189940	-0.003340	0.104500	-1.559140	-0.057591	0.167104	0.050890	-0.143054	0.017647	0.014419	0.050185	-0.068954	0.158331	-0.007946	0.091352	0.074387	-0.009055	-0.001024	-0.162693	-0.009998	-0.002463	0.060429	0.001478	0.071468	-0.240783	-0.052682	0.034652
0.000000	-0.102391	0.138762	-0.072809	-0.062627	-0.075730	0.021873	-0.054666	0.020271	0.048855	-1.369569	0.097070	-0.014352	-0.049093	0.134183	0.037671	0.126937	-0.125963	-0.017966	-0.009633	-0.066839	0.001678	0.181876	0.155445	0.017537	-0.185794	-0.027586	0.046219	-0.103167	-0.014823	-0.004141	0.012985	0.187658	-0.133422	0.046627	-0.890045	0.090892	-0.060994	0.042623	-0.056642	0.018455	0.003003	-0.155693	-0.106452	0.132244	0.052072	0.098843	0.180445	0.098336	-0.101176	0.073381	0.028675	-0.125659	0.036803	-0.003734	-0.092812	0.174272	0.015226	0.161915	0.155156	-0.045557	0.136455	-0.012438	0.112998	0.089329	-0.076501	-0.317456	0.107818	0.039588	0.031737	-0.108273	0.095111	0.041272	0.010916	0.119352	-0.059334	0.020120	0.122041	0.125023	-0.149041	-0.056998	-0.112672	-0.032054	0.184856	0.026121	0.087390	0.049513	-0.188884	0.162766	0.046301	0.083980	-0.159499	0.115512	-0.208223	-0.157245	-0.002489	0.011153	-0.233068	-0.027045	-0.014340	-0.254427	0.042929	-0.042874	-0.067633	-0.037450	-0.031872	-0.011989	0.117319	0.108707	-0.116266	0.124581	-0.051028	-0.106122	-0.061369	-0.223295	0.074806	0.104375	-0.123164	-0.009512	0.045321	-0.188234	-0.034433	-0.101175	0.116822	0.050581	-0.034851	-0.078899	0.058808	0.110356	0.054305	0.014906	0.086561	0.091726	0.060135	0.022334	-0.052912	0.019129	-0.021343	-0.032467	-0.020415	0.140375	-0.034507	0.104878	0.044007	0.147735	-0.355025	-0.080901	0.034265	0.015269	-0.076257	0.017257	0.087968	-0.029973	0.102035	0.011018	0.188893	0.009123	-0.024441	-0.063698	0.084855	-0.086306	0.073053	-0.144692	-0.050187	-0.066605	-0.011632	0.116989	-0.004257	0.141680	0.108831	0.064107	0.017586	-0.006923	-0.402643	-0.019055	-0.053391	0.047687	-0.055194	0.071913	0.050323	0.264546	0.098280	0.141640	0.153380	-0.046856	-0.009894	-0.047432	-0.138178	0.139639	0.086790	0.122086	-0.025628	0.135395	0.059660	-0.079096	0.021175	-0.137107	-0.042741	0.018761	0.011184	-0.128933	0.954102	-0.081399	0.069369	0.045142	0.074791	0.006002	-0.025447	0.061397	-0.031066	-0.167669	-0.125588	-0.007521	0.031632	0.052034	-0.000007	0.058134	0.044382	0.043927	-0.025706	-0.015595	0.247924	-0.032480	-0.129488	0.048188	0.014616	0.000058	0.102969	-0.002298	-0.026277	-0.018447	0.030480	0.022473	-0.006128	-0.176394	0.073059	0.095884	0.090270	0.078078	-0.059234	0.067682	-0.011113	-0.008149	0.191073	0.107532	-0.375429	-0.069528	0.137550	-0.020518	-0.012563	-0.033120	0.094153	-0.104411	-0.057313	0.021778	0.291389	-0.003501	0.000032	-0.077223	0.107162	0.025241	0.003763	-0.157779	0.033471	0.018669	-0.074950	-0.015310	-0.016096	-0.040130	0.135085	0.106478	-0.037344	-0.128585	0.089870	0.052931	0.038624	0.042613	-1.683385	-0.038678	0.256275	0.075012	-0.186016	-0.016415	0.018344	-0.035371	-0.055447	0.170088	-0.028253	0.093796	-0.066539	-0.042533	-0.029363	-0.165128	-0.040064	0.029002	0.113476	-0.012167	0.091005	-0.205742	-0.073336	0.150800
1.000000	-0.121614	0.163450	-0.055390	-0.145628	-0.093984	-0.013005	-0.071726	0.031210	0.036704	-1.415385	0.060478	-0.110290	-0.108302	0.169545	0.006778	0.096579	-0.135562	0.009553	-0.032437	-0.052746	-0.025184	0.177307	0.138136	0.076205	-0.228458	-0.104667	0.068333	-0.055250	-0.064891	-0.024136	-0.082307	0.200742	-0.209215	0.068192	-0.919102	0.161133	-0.081426	0.008192	-0.075856	0.045497	0.026892	-0.151396	-0.014559	0.060062	0.132664	0.105636	0.215537	0.130809	-0.121738	0.095017	0.102380	-0.103065	0.047202	-0.067813	-0.123563	0.203373	-0.047168	0.158860	0.170294	-0.016505	0.152513	-0.035620	0.184575	0.047570	-0.112523	-0.321369	0.050927	0.058716	0.032857	-0.041275	0.096289	0.093689	-0.000736	0.072967	-0.091296	0.033880	0.147322	0.089189	-0.160291	-0.080996	-0.121381	0.015458	0.136737	-0.016515	0.100451	-0.013631	-0.170443	0.173223	0.013702	0.039172	-0.189570	0.133214	-0.164258	-0.156764	-0.024844	0.053852	-0.162149	0.002713	-0.000201	-0.202435	0.027371	-0.008891	-0.057300	-0.072364	-0.054079	-0.016879	0.093709	0.117214	-0.190548	0.108169	0.021889	-0.022421	-0.136029	-0.238739	0.079903	0.095364	-0.120178	0.080259	0.058843	-0.165722	-0.086314	-0.087150	0.113944	0.081147	-0.043572	-0.090404	0.102704	0.128807	0.059020	0.110135	0.105361	0.155912	0.060555	0.031988	-0.055002	-0.021396	0.039098	-0.024226	-0.043553	0.212221	-0.063012	0.137147	0.024412	0.119414	-0.327589	-0.073769	-0.040035	0.048457	-0.102770	-0.022748	0.095693	-0.020761	0.107807	0.023805	0.208456	-0.015621	-0.082666	-0.073137	0.117149	-0.061100	0.111719	-0.143243	-0.030559	-0.083375	-0.005643	0.155103	-0.008174	0.122995	0.124227	0.065268	0.024520	0.065247	-0.509807	0.003356	-0.062595	0.018577	-0.096669	0.040077	0.029860	0.205841	0.088842	0.088683	0.140953	-0.001711	-0.057101	-0.077049	-0.033504	0.116732	0.045146	0.101463	-0.021065	0.197606	-0.044261	-0.079148	0.009514	-0.117234	-0.094897	-0.018632	0.018651	-0.054637	0.931463	-0.054476	0.129476	0.065424	0.089435	0.017269	0.007734	0.069853	-0.074615	-0.113219	-0.063306	-0.069938	0.077429	0.042313	0.012774	0.098452	0.123969	-0.014834	0.015901	0.031997	0.237228	-0.092509	-0.204722	0.052386	-0.008090	-0.051833	0.137648	0.050281	-0.052041	-0.031054	0.025838	0.067079	-0.054026	-0.133275	0.144464	0.128613	0.078255	0.049915	-0.119275	0.110479	-0.068620	0.066492	0.235422	0.067732	-0.576816	-0.012892	0.177430	0.040456	-0.020017	-0.119494	0.097422	-0.099170	-0.033416	-0.008853	0.297041	0.079420	-0.061656	-0.131990	0.032508	0.056399	-0.040219	-0.170871	0.062686	0.023858	-0.073595	-0.033315	-0.037488	-0.035135	0.167960	0.084411	-0.063438	-0.154008	0.091811	0.091767	0.011388	0.063834	-1.830836	0.018017	0.200592	0.082569	-0.192081	0.004414	0.002664	0.028515	-0.064959	0.191643	0.025980	0.097813	0.022415	0.001219	-0.033608	-0.191409	-0.036571	-0.024733	0.062228	-0.039118	0.068859	-0.181656	-0.117121	0.097445
0.000000	-0.119037	0.134093	-0.019070	-0.118854	-0.015110	0.051143	0.003807	0.072736	0.061256	-1.520233	0.085482	-0.066275	-0.079219	0.144186	0.022675	0.058958	-0.187271	-0.009892	0.015512	-0.032407	0.011313	0.253878	0.192356	0.063401	-0.248953	-0.014947	0.036244	-0.114908	-0.044720	0.037307	0.008182	0.251005	-0.230773	-0.014682	-0.846573	0.135378	-0.041638	-0.021688	-0.071061	-0.023249	0.001886	-0.148826	-0.053945	0.050049	0.088832	0.091824	0.198491	0.116227	-0.087919	0.102569	0.085932	-0.157054	0.062693	-0.077070	-0.118263	0.203637	-0.034652	0.168119	0.150677	0.052054	0.143936	-0.047570	0.248814	0.113218	-0.086417	-0.292689	0.086855	0.066609	0.018612	0.032425	0.054735	-0.005145	0.017152	0.094836	-0.038107	-0.028505	0.119252	0.172843	-0.159593	-0.079321	-0.133156	-0.021769	0.126346	0.005799	0.082231	0.071043	-0.118676	0.189084	0.026471	0.129679	-0.198919	0.195903	-0.207267	-0.185514	0.022245	0.051626	-0.236612	0.024051	0.000654	-0.249813	0.027499	0.002324	-0.074939	-0.073720	-0.108023	0.036481	0.108819	0.058865	-0.131334	0.150146	-0.049704	-0.112503	-0.104828	-0.253089	0.106828	0.097038	-0.127916	-0.024238	0.023837	-0.171150	-0.061831	-0.140160	0.118790	0.180937	-0.009913	-0.033905	0.120673	0.174905	0.046818	0.070900	0.117339	0.106683	0.122129	0.012069	-0.057519	0.000798	-0.002712	-0.005608	-0.038110	0.151734	-0.094348	0.135658	0.008258	0.111220	-0.336820	-0.100243	-0.009578	0.041183	-0.090004	0.034163	-0.018501	-0.068975	0.048807	-0.023520	0.207964	-0.008112	-0.056597	-0.040766	0.080674	-0.050562	0.075983	-0.150934	-0.008818	-0.076463	0.041674	0.094150	0.003104	0.127028	0.021870	0.058712	0.040135	0.062054	-0.506940	0.009760	-0.041049	-0.030638	-0.093285	0.079295	0.050169	0.178112	0.100540	0.049533	0.146427	-0.007353	-0.027991	-0.034397	-0.031770	0.041814	0.089309	0.094805	-0.051337	0.140805	0.049299	-0.058329	0.003064	-0.132992	-0.099849	-0.019534	0.042232	-0.089800	0.887772	-0.072836	0.071213	0.039795	0.062177	0.076458	0.025767	0.057138	-0.021130	-0.153539	-0.097825	-0.047395	0.117475	0.001236	0.016578	0.079283	0.086431	0.022532	-0.043647	0.005633	0.216397	-0.038619	-0.176402	0.023985	0.025802	-0.040016	0.129541	0.044844	-0.029408	-0.060885	0.033593	0.006065	-0.002285	-0.122822	0.080430	0.117178	0.055264	0.049319	-0.132018	0.088858	0.004150	0.024888	0.270571	0.085185	-0.585499	-0.072854	0.161781	0.051299	-0.061440	-0.067371	0.112627	-0.125986	-0.070525	0.017454	0.247466	0.065080	-0.062016	-0.090479	0.057057	0.039014	-0.033758	-0.136641	0.041057	0.017001	-0.053138	-0.028889	-0.036705	-0.039095	0.142010	0.100284	-0.025634	-0.095991	0.072957	0.114079	0.026991	0.080913	-1.849450	-0.016183	0.247720	0.047060	-0.139935	0.012241	0.042655	0.033004	-0.078590	0.128532	0.040528	0.098229	-0.041156	-0.023489	0.027595	-0.186667	0.019184	0.034615	0.096613	-0.056681	0.026208	-0.230841	-0.075480	0.024368
1.000000	-0.078095	0.131146	-0.012114	-0.149084	-0.042766	0.013169	-0.064878	0.051822	0.053514	-1.435147	0.110248	-0.077909	-0.066817	0.139084	-0.000033	0.059929	-0.206075	0.038865	0.027679	-0.008812	0.024585	0.269923	0.146573	0.090621	-0.234797	-0.082309	0.076028	-0.115823	-0.038906	0.026379	-0.003112	0.254964	-0.230649	0.025776	-0.805430	0.162009	-0.019375	0.007061	-0.104074	-0.025383	0.028500	-0.154171	-0.039766	0.009793	0.068142	0.087159	0.213171	0.132487	-0.063798	0.054192	0.080557	-0.119062	0.067477	-0.063147	-0.119822	0.170454	-0.064082	0.163292	0.216617	0.009151	0.143636	-0.033351	0.220086	0.084582	-0.104783	-0.240092	0.059536	0.041982	0.054161	-0.021458	0.015843	0.010304	0.032186	0.102462	-0.061979	-0.054371	0.145805	0.085701	-0.152959	-0.062419	-0.112257	0.009290	0.190292	-0.030968	0.094556	0.073426	-0.134699	0.194768	0.047921	0.051224	-0.192469	0.143155	-0.149993	-0.213077	0.002870	0.045738	-0.189098	0.001309	-0.024319	-0.173959	0.036922	0.005494	-0.037835	-0.066611	-0.078084	-0.015404	0.059955	0.088932	-0.149956	0.113733	0.050072	-0.122137	-0.106767	-0.285806	0.146556	0.031910	-0.115219	0.013741	0.026447	-0.161596	-0.072252	-0.139315	0.088637	0.090802	-0.017951	-0.083802	0.103838	0.205450	0.031940	0.075040	0.108658	0.114428	0.073107	0.039371	-0.018061	-0.002614	-0.004229	-0.019608	-0.022429	0.149945	-0.048372	0.130306	0.020393	0.065324	-0.326268	-0.096425	0.020162	0.034629	-0.127091	0.031881	-0.016670	-0.070565	0.103848	-0.003017	0.214495	0.004191	-0.048953	-0.069455	0.100368	-0.027510	0.102127	-0.154625	0.010804	-0.067271	-0.039158	0.088658	0.006267	0.089707	0.081036	0.013162	0.028089	0.025382	-0.499610	0.019804	0.004197	0.013273	-0.109493	0.061699	-0.011488	0.197341	0.106545	0.097519	0.145454	-0.038793	0.012875	-0.086494	-0.037426	0.067336	0.047261	0.128869	-0.052069	0.161086	0.005812	-0.073208	-0.034337	-0.109618	-0.085376	-0.020257	0.049034	-0.054029	0.913221	-0.049786	0.090116	0.051498	0.069321	0.050147	-0.049401	0.084186	-0.057187	-0.120756	-0.101058	-0.033049	0.090537	0.030710	0.033063	0.072003	0.081807	-0.006161	-0.015444	0.035184	0.160854	-0.018875	-0.159984	0.076791	-0.004973	-0.005149	0.134968	0.051409	-0.036340	-0.056104	-0.020506	0.017188	-0.019216	-0.068832	0.102647	0.154450	0.060073	0.006128	-0.087085	0.102085	-0.016835	0.041052	0.230298	0.063895	-0.541625	-0.038363	0.133874	0.018206	-0.020269	-0.086668	0.138618	-0.128954	-0.073270	0.054186	0.232102	0.063992	-0.052543	-0.109855	0.057063	-0.020861	-0.041460	-0.116192	0.076632	0.066926	-0.036837	0.017351	-0.047745	-0.049836	0.171179	0.117023	-0.027241	-0.167533	0.090136	0.143628	0.044735	0.107213	-1.701045	-0.018711	0.278829	0.033832	-0.141437	0.011119	-0.019490	0.020863	-0.092604	0.133957	0.028740	0.083340	-0.007678	-0.005737	0.004054	-0.168628	-0.016081	0.024730	0.075031	-0.029390	0.083373	-0.184381	-0.127637	0.072762
1.000000	-0.097701	0.127470	0.000439	-0.107261	-0.055865	-0.042993	0.006563	0.014901	0.008958	-1.550647	0.133065	-0.039934	-0.095997	0.202320	0.024689	0.061103	-0.115470	0.011372	0.035169	-0.012057	0.076174	0.237669	0.107422	0.032528	-0.247997	-0.063068	0.029948	-0.174921	0.028340	-0.016413	-0.012043	0.233497	-0.207365	-0.001937	-0.973410	0.117567	-0.098891	-0.001450	-0.050259	0.067293	-0.034210	-0.227275	0.001741	0.004047	0.083069	0.139839	0.279314	0.156826	-0.034406	0.096637	0.081846	-0.104159	0.052611	-0.058127	-0.203763	0.265465	0.028245	0.198692	0.222398	-0.022611	0.208685	-0.036690	0.169965	0.142877	-0.119680	-0.291725	0.031047	0.006876	0.059769	-0.053983	0.097169	0.041488	-0.023031	0.191797	-0.057463	-0.016592	0.143130	0.216918	-0.182387	-0.052155	-0.134410	-0.013533	0.314809	-0.018123	0.123748	0.086753	-0.173416	0.233364	0.028366	0.122932	-0.167065	0.156115	-0.294041	-0.206323	0.025363	0.045683	-0.170732	-0.058134	-0.009962	-0.148100	0.005407	-0.084518	-0.110157	-0.102136	-0.043362	0.011746	0.105905	0.144426	-0.171776	0.134145	-0.055996	-0.062464	-0.042216	-0.285872	0.092361	0.067060	-0.143520	-0.050733	0.048466	-0.176142	-0.065814	-0.139302	0.147979	0.115537	0.017632	-0.129409	0.060747	0.198046	0.034714	0.076671	0.139509	-0.000936	0.058816	-0.000466	-0.136612	0.007052	-0.039337	-0.020185	-0.014967	0.174113	-0.076758	0.197561	0.152933	0.141871	-0.353581	-0.062614	-0.021693	0.003548	-0.057793	-0.008739	-0.046757	-0.035114	0.080025	-0.004089	0.121553	-0.012695	0.017034	-0.105380	0.142196	-0.074184	0.014434	-0.219863	-0.052826	-0.069393	-0.001120	0.108958	-0.044389	0.173697	0.105338	0.064174	0.054069	-0.000895	-0.487599	-0.078411	-0.018471	0.025067	-0.054118	0.098357	0.080665	0.223286	0.103645	0.082886	0.141215	-0.076540	-0.031045	-0.107071	-0.087062	0.145008	0.074843	0.123821	-0.028886	0.159143	0.072931	-0.097764	0.020883	-0.203162	-0.110840	0.060400	0.001349	-0.152590	0.978771	-0.082236	0.099080	0.088088	0.116928	0.036810	0.028743	0.119636	0.046521	-0.159146	-0.170090	-0.055356	0.018110	0.039323	-0.033103	0.057754	0.027728	0.019814	0.033010	-0.011979	0.272786	-0.067810	-0.167600	0.033682	0.065485	0.019015	0.147355	-0.045167	-0.011345	-0.015293	-0.002557	-0.014791	-0.024014	-0.203861	0.074314	0.114602	0.078958	0.077699	-0.157897	0.087600	0.013868	0.057797	0.188825	0.140215	-0.478572	-0.019241	0.160512	-0.001762	-0.015370	-0.061768	0.126564	-0.112420	-0.122341	0.053126	0.412270	0.067617	-0.004457	-0.153323	0.098412	-0.043349	-0.013491	-0.157141	0.020071	0.027182	-0.062132	0.047565	-0.019191	-0.041157	0.150471	0.217176	-0.037307	-0.198052	0.123357	0.051394	0.047367	0.059262	-1.826871	0.005009	0.180022	-0.005020	-0.199389	-0.026045	0.052822	-0.066069	-0.110182	0.201088	-0.008421	0.104818	-0.076428	-0.099391	-0.022489	-0.201658	-0.007259	0.008833	0.130264	-0.116851	0.101155	-0.202966	-0.060465	0.142698
1.000000	-0.056147	0.146441	0.002534	-0.124205	-0.069045	-0.008520	-0.031868	0.032960	0.029446	-1.288566	-0.010826	-0.077449	-0.107445	0.185208	-0.031995	0.083456	-0.101494	0.017023	-0.053615	0.090702	-0.020561	0.193136	0.149392	-0.012372	-0.237982	-0.086745	0.025137	-0.094318	-0.102266	-0.076691	-0.075828	0.250276	-0.193473	-0.000238	-0.742913	0.151548	-0.053315	0.042194	-0.054313	0.047132	0.084443	-0.174813	-0.004715	0.025353	0.112178	0.108806	0.185742	0.152728	-0.111942	0.121064	0.057647	-0.046539	0.063450	-0.085670	-0.178841	0.192583	-0.038148	0.121434	0.131306	0.036024	0.167965	-0.070213	0.170275	0.075815	-0.067714	-0.292630	0.097164	0.068800	0.005527	-0.016391	0.097717	0.037893	0.008509	0.099777	-0.111998	0.089251	0.187996	0.158506	-0.160666	-0.067683	-0.174776	0.017360	0.191356	0.028506	0.128741	-0.002779	-0.139119	0.187832	0.044237	0.064569	-0.145936	0.081173	-0.239742	-0.079470	-0.075746	0.057810	-0.200044	0.066551	-0.026395	-0.146083	0.064105	-0.057822	-0.016343	-0.130352	-0.104927	-0.037414	0.048095	0.116476	-0.171060	0.105017	0.085498	-0.032668	-0.097465	-0.223115	0.070644	0.117784	-0.193432	0.099357	0.074816	-0.181012	-0.097602	-0.175702	0.090376	0.149901	-0.061516	-0.066498	-0.012797	0.155750	0.018472	0.168581	0.104410	0.193242	0.052752	0.129047	-0.091433	-0.048411	0.012410	-0.021486	-0.055694	0.183366	0.037135	0.156767	-0.050628	0.071763	-0.314474	0.020566	0.003466	-0.005992	-0.039842	-0.032526	-0.090677	0.019465	0.097038	0.035157	0.132781	-0.076253	-0.078087	-0.079582	0.077278	-0.069973	0.103527	-0.128438	-0.013367	-0.056200	0.029694	0.099623	-0.007453	0.121145	0.110848	-0.005844	0.049382	-0.019760	-0.424039	-0.060066	-0.069234	-0.005254	-0.032760	0.057645	0.066524	0.089570	0.085295	0.100674	0.200057	-0.059859	-0.087772	-0.085649	0.072932	0.108247	0.072713	0.059494	-0.059949	0.225112	-0.045621	-0.104067	0.068374	-0.105569	-0.087345	0.002479	0.031353	-0.104146	0.791367	-0.093658	0.105418	0.087641	0.088944	0.083655	0.002624	0.072691	-0.011023	-0.138675	-0.012490	-0.015259	0.072508	0.019821	0.018407	0.036465	0.177048	-0.031714	0.018904	0.023442	0.319736	-0.072569	-0.231587	-0.100266	-0.055151	-0.062780	0.128550	0.010170	-0.017280	-0.051942	0.002649	0.022748	-0.028956	-0.153864	0.149234	0.143790	0.050240	0.091292	-0.164255	-0.011383	-0.061982	-0.032103	0.172554	0.143395	-0.567036	-0.024059	0.230661	-0.015377	-0.073612	-0.216496	0.140609	-0.148879	0.020435	0.017163	0.287126	0.070661	-0.076902	-0.057655	0.029287	0.112695	-0.023636	-0.142805	0.076013	-0.004217	-0.026400	-0.027866	-0.106629	-0.121866	0.080420	0.143511	-0.067930	-0.138438	0.091764	0.178475	-0.001852	0.094628	-1.634208	-0.027450	0.070958	-0.028766	-0.108680	0.020667	0.012802	0.036743	-0.105365	0.163410	0.058502	0.066174	0.035868	-0.035130	-0.041789	-0.170284	0.062425	-0.000712	0.024453	-0.108554	0.096902	-0.227371	-0.081570	0.042705
0.000000	-0.064231	0.119525	-0.053807	-0.131148	-0.059768	0.002732	-0.033373	0.014317	0.059535	-1.417306	0.061347	-0.005959	-0.061483	0.137036	0.014744	0.122856	-0.107499	0.029593	-0.027835	-0.032187	0.024573	0.192219	0.142550	0.042449	-0.198445	-0.067049	0.042020	-0.087764	-0.057125	-0.014884	-0.048940	0.234096	-0.173560	0.046759	-0.809224	0.080549	-0.051814	0.034489	-0.070856	0.060754	0.009013	-0.128487	-0.048115	0.073370	0.122075	0.108231	0.174691	0.095003	-0.121160	0.071702	0.055643	-0.115192	0.044135	-0.048039	-0.090241	0.171733	-0.022237	0.154793	0.132410	-0.023440	0.092969	-0.027930	0.160554	0.028634	-0.072851	-0.318193	0.067637	0.024420	0.039217	-0.026940	0.091040	0.064784	0.026445	0.084674	-0.027171	-0.003964	0.112192	0.099841	-0.183053	-0.037837	-0.119302	-0.027150	0.146098	0.069057	0.038548	0.041173	-0.116329	0.151843	0.020669	0.100534	-0.112538	0.131463	-0.186956	-0.154715	-0.028453	0.014341	-0.215436	0.040306	-0.023665	-0.232033	0.051021	0.026857	-0.054150	-0.071723	-0.072079	-0.035757	0.108194	0.108570	-0.157934	0.116206	-0.048708	-0.076087	-0.094932	-0.210952	0.079604	0.081487	-0.090443	0.019531	0.051985	-0.190588	-0.076412	-0.131532	0.093725	0.116386	-0.022770	-0.026706	0.068444	0.111701	0.065974	0.076253	0.085817	0.147855	0.072079	0.023018	-0.060453	0.027890	0.006780	-0.018754	-0.023753	0.160820	-0.048908	0.121499	-0.006975	0.100722	-0.372526	-0.071888	0.039252	0.020586	-0.059492	0.007715	0.077955	-0.006580	0.069563	0.017487	0.206969	-0.011810	-0.053385	-0.057109	0.074089	-0.041228	0.078469	-0.147013	-0.005087	-0.096301	0.014759	0.078602	-0.028571	0.118550	0.084613	0.047752	0.038875	0.000344	-0.421515	-0.026305	-0.030590	0.034413	-0.047901	0.070124	0.045223	0.187508	0.113341	0.100935	0.127282	-0.009902	-0.041147	-0.087736	-0.078350	0.094997	0.061796	0.082034	-0.032442	0.164908	0.036062	-0.097922	0.004555	-0.122568	-0.099117	-0.000995	0.033767	-0.064995	0.879174	-0.051606	0.096563	0.057642	0.047677	0.048462	-0.021751	0.059961	-0.037064	-0.124243	-0.077243	-0.020828	0.066813	0.045698	0.021668	0.077670	0.049600	-0.014641	0.020729	0.028992	0.207959	-0.066839	-0.182006	0.075884	-0.001607	-0.008305	0.083282	-0.008768	-0.025665	-0.025344	0.034956	-0.004288	-0.045151	-0.127879	0.102646	0.093566	0.054140	0.042136	-0.068332	0.107069	-0.013676	0.018753	0.209081	0.063444	-0.514492	-0.078571	0.175703	-0.005951	-0.037438	-0.069768	0.076964	-0.098766	-0.044017	-0.016687	0.296837	0.070699	-0.059214	-0.074574	0.061681	0.037833	-0.003768	-0.136683	0.021028	0.010729	-0.070226	0.003420	-0.025974	-0.051473	0.104183	0.091501	-0.054708	-0.147259	0.076689	0.166643	0.035100	0.045251	-1.748936	-0.021404	0.257802	0.058518	-0.158735	-0.019077	0.032999	-0.000219	-0.056251	0.162650	-0.012140	0.072695	-0.038259	-0.036068	-0.006888	-0.150383	-0.002664	0.020299	0.115232	0.023141	0.040499	-0.202830	-0.100470	0.062226
0.000000	-0.115462	0.104984	-0.023867	-0.095457	-0.073892	-0.003431	-0.069605	0.007048	0.081368	-1.457686	0.083417	-0.045325	-0.038131	0.152966	0.033821	0.089263	-0.149824	-0.020114	-0.028444	-0.024628	0.039740	0.256547	0.145724	0.020141	-0.261688	-0.021238	0.060464	-0.044326	-0.046927	0.002820	-0.012247	0.201629	-0.167355	0.043270	-0.895127	0.126183	-0.066920	-0.012137	-0.097255	-0.003513	-0.004687	-0.163713	-0.108709	0.094248	0.067017	0.074709	0.201696	0.076713	-0.105069	0.085745	0.066585	-0.163301	0.074265	-0.061925	-0.162917	0.188944	-0.001472	0.169040	0.140173	0.011159	0.136997	-0.014073	0.139393	0.095610	-0.075602	-0.332782	0.053570	0.038499	-0.019110	-0.051672	0.045540	-0.013169	0.006065	0.137392	-0.041721	-0.039436	0.125873	0.115216	-0.168006	-0.091983	-0.126740	-0.015914	0.149384	0.042656	0.067883	0.053936	-0.161678	0.184101	-0.004715	0.049819	-0.150381	0.144265	-0.189073	-0.176661	-0.014405	0.064487	-0.269870	0.011260	0.025473	-0.236982	0.059060	0.012367	-0.030807	-0.061350	-0.058459	-0.017078	0.151314	0.070445	-0.159353	0.122236	-0.032654	-0.139804	-0.121600	-0.256151	0.075843	0.139432	-0.139460	0.075246	0.037941	-0.203371	-0.061662	-0.071903	0.108558	0.138669	-0.060783	-0.073943	0.063618	0.116449	0.063344	0.057210	0.082066	0.122130	0.086566	0.032921	-0.079249	-0.003559	-0.021020	0.003988	-0.052900	0.144813	-0.060982	0.109003	-0.019469	0.180712	-0.347966	-0.067733	0.018073	0.022238	-0.060457	0.034549	0.059898	-0.004236	0.098967	-0.036574	0.200959	-0.008876	-0.080030	-0.069736	0.046502	-0.037312	0.139815	-0.113877	-0.029322	-0.072064	0.028650	0.111562	0.005431	0.089774	0.032832	0.044775	0.001267	0.061833	-0.407241	-0.006158	-0.022812	-0.016342	-0.103538	0.084381	0.017022	0.221205	0.066164	0.079841	0.157884	-0.042618	0.007360	-0.044568	-0.024010	0.097406	0.128039	0.077809	-0.026446	0.154537	0.022427	-0.076670	-0.015203	-0.085442	-0.069949	-0.044806	0.041719	-0.097354	0.990914	-0.057289	0.097224	0.072368	0.041008	-0.009791	0.007896	0.042992	-0.051334	-0.164927	-0.063360	-0.070482	0.110027	0.022241	0.069862	0.072415	0.104980	0.037263	-0.033767	0.048766	0.213071	-0.019002	-0.171642	0.050670	-0.022877	-0.032676	0.115072	0.021685	-0.024757	-0.057199	0.065984	0.007093	0.013154	-0.116070	0.090839	0.119291	0.028841	0.053026	-0.093033	0.032787	-0.017670	0.015978	0.227626	0.126158	-0.496374	-0.057124	0.111331	0.008997	-0.062025	-0.056941	0.075976	-0.124033	-0.036543	0.034739	0.281099	-0.004826	-0.073638	-0.104646	0.066178	0.029676	-0.015829	-0.182245	0.056044	0.008042	-0.047966	-0.024183	-0.035231	-0.057298	0.091832	0.082051	-0.021652	-0.114299	0.041447	0.114509	0.024761	0.045238	-1.789281	-0.016919	0.280587	0.055772	-0.188831	0.039676	0.026521	-0.003853	-0.047525	0.178954	0.001433	0.091932	-0.022008	-0.038504	0.015133	-0.167508	0.030604	0.022057	0.097564	-0.017040	0.063647	-0.219997	-0.065816	0.101517
0.000000	-0.114925	0.109191	-0.071075	-0.098291	-0.071090	-0.013073	-0.034980	-0.013697	0.074073	-1.619669	0.099177	-0.050604	-0.051685	0.116707	0.025582	0.109985	-0.112947	-0.031476	-0.016989	-0.019459	0.043456	0.236730	0.155482	-0.003898	-0.245372	-0.034096	0.038309	-0.085064	-0.007447	0.002576	-0.007085	0.237699	-0.157128	-0.001625	-0.998949	0.061194	-0.073756	0.015618	-0.050145	0.022669	-0.016587	-0.209131	-0.086748	0.048173	0.056776	0.113398	0.213038	0.122744	-0.086741	0.090244	0.077154	-0.124510	0.015355	-0.064360	-0.179540	0.257916	0.025429	0.176741	0.168561	-0.005894	0.149648	0.026452	0.157216	0.127103	-0.120294	-0.353408	0.076712	0.013713	0.003324	-0.069307	0.069312	-0.029662	-0.026632	0.160659	-0.008650	-0.009133	0.115290	0.161442	-0.178343	-0.081652	-0.106422	-0.005346	0.249806	0.029158	0.085145	0.046692	-0.151926	0.190156	0.047604	0.103244	-0.196827	0.152773	-0.270549	-0.167557	0.001646	0.032176	-0.242736	-0.045522	0.028922	-0.256139	0.043452	-0.021666	-0.072734	-0.057008	-0.011474	-0.025472	0.158358	0.105131	-0.159883	0.149426	-0.061728	-0.107904	-0.091007	-0.261043	0.101256	0.139284	-0.110640	-0.009681	0.042293	-0.208293	-0.075920	-0.092026	0.076367	0.112004	-0.011569	-0.107203	0.053691	0.119869	0.074050	0.034543	0.122017	0.044039	0.110488	-0.013160	-0.084215	0.024105	-0.020970	-0.050226	-0.025190	0.163006	-0.078796	0.114897	0.083509	0.173269	-0.406193	-0.049401	0.039309	0.024857	-0.093099	0.012250	0.060517	-0.017725	0.118423	0.027249	0.180810	0.024050	-0.005843	-0.064004	0.136649	-0.082507	0.100948	-0.195959	-0.004174	-0.070441	0.001106	0.116079	-0.045874	0.128356	0.062472	0.080146	0.017836	0.028997	-0.446001	-0.035448	-0.020450	-0.008281	-0.065602	0.102391	0.045044	0.273709	0.117834	0.125192	0.126795	-0.038667	-0.068409	-0.035823	-0.145820	0.143364	0.140016	0.118439	-0.071452	0.099182	0.043428	-0.106897	0.002126	-0.162372	-0.065335	-0.002215	0.025322	-0.136977	1.035922	-0.068486	0.071803	0.080957	0.065695	0.039721	-0.004003	0.088229	-0.030276	-0.177190	-0.163925	-0.086804	0.067065	0.027966	-0.021663	0.053399	0.050699	0.062946	0.008195	0.025267	0.241660	-0.065014	-0.145543	0.065910	0.040255	0.030436	0.138186	-0.001118	-0.017552	-0.033727	0.022959	0.007025	0.008669	-0.218735	0.034710	0.098722	0.064268	0.083106	-0.068003	0.058412	-0.004968	0.016852	0.212582	0.104946	-0.460347	-0.038929	0.138444	-0.017963	-0.045837	-0.016243	0.084804	-0.135679	-0.070093	0.038649	0.400348	0.050895	-0.040625	-0.122625	0.069414	0.001804	-0.010702	-0.184233	0.031694	0.007248	-0.065476	0.021684	-0.037961	-0.038330	0.073446	0.112477	-0.053871	-0.150623	0.103984	0.085781	0.075584	0.025780	-1.949479	-0.004796	0.323391	0.033709	-0.207350	0.023901	0.055542	-0.012522	-0.082378	0.170220	-0.003384	0.110208	-0.044411	-0.082478	0.000476	-0.216326	-0.018647	0.014912	0.117026	-0.044377	0.062595	-0.212247	-0.104566	0.109121
1.000000	-0.120638	0.088021	-0.030011	-0.111276	-0.060334	0.010917	-0.003941	0.053579	0.075077	-1.419096	0.045591	-0.088288	-0.098557	0.133714	0.020012	0.086561	-0.167990	0.017323	0.051919	-0.029752	0.021668	0.237740	0.144030	0.087780	-0.246934	-0.064094	0.039484	-0.087476	-0.046505	0.000207	-0.020756	0.232903	-0.199880	0.019811	-0.892346	0.176293	-0.045930	-0.011059	-0.093479	-0.016397	0.009223	-0.095478	-0.077332	0.086791	0.077169	0.083985	0.230024	0.054404	-0.101147	0.059632	0.072868	-0.101540	0.049593	-0.064888	-0.116862	0.169499	-0.014262	0.151945	0.125555	-0.025120	0.120015	-0.044464	0.209475	0.069442	-0.078780	-0.322699	0.035984	0.052431	0.022496	-0.018705	0.045155	0.090171	-0.000960	0.107237	-0.038233	-0.013233	0.109508	0.114012	-0.139179	-0.091232	-0.144345	0.002018	0.171010	-0.002332	0.075814	0.046382	-0.126679	0.188095	0.055233	0.076879	-0.138970	0.161130	-0.198953	-0.190647	-0.011536	0.027108	-0.230441	0.000600	-0.004980	-0.254403	0.008848	-0.019250	-0.078981	-0.057288	-0.099935	-0.030462	0.123761	0.060118	-0.159274	0.120229	-0.038088	-0.098094	-0.102883	-0.204798	0.099112	0.127045	-0.115647	0.044959	0.065938	-0.178156	-0.079611	-0.112277	0.105458	0.127140	-0.067409	-0.061365	0.079065	0.130312	0.029635	0.044417	0.078447	0.133687	0.065758	0.022667	-0.040631	-0.000954	0.003784	-0.031513	-0.016270	0.146259	-0.075363	0.136171	0.038878	0.081456	-0.346646	-0.031317	-0.044935	0.031037	-0.051037	0.026342	0.052195	0.002882	0.084680	-0.008683	0.219303	0.000275	-0.074403	-0.059478	0.073460	-0.065591	0.096840	-0.145601	-0.013398	-0.077096	0.006507	0.116946	0.001688	0.125431	0.052372	0.019539	0.004522	0.031964	-0.490585	0.060144	-0.069685	-0.038411	-0.098442	0.067354	0.038095	0.217733	0.100693	0.079402	0.149471	-0.002386	-0.026572	-0.042015	-0.007264	0.092876	0.066001	0.066136	-0.027840	0.158956	0.010488	-0.078320	-0.016925	-0.152079	-0.076944	0.001027	0.026029	-0.048846	0.914804	-0.061304	0.097080	0.076039	0.042175	0.032927	-0.043213	0.055201	-0.048028	-0.155071	-0.102013	-0.061648	0.077396	0.017967	-0.013356	0.064844	0.098387	0.013192	-0.047012	0.005117	0.267757	-0.018775	-0.188167	0.040589	0.001267	-0.038996	0.117219	0.006966	-0.061084	-0.032645	0.006141	0.009858	-0.007482	-0.123747	0.115579	0.136246	0.051709	0.039102	-0.117364	0.084210	-0.001491	0.015135	0.242906	0.069008	-0.555239	-0.091234	0.161506	0.043981	-0.040711	-0.083119	0.091549	-0.139175	-0.058264	0.012156	0.250540	0.054837	-0.062688	-0.087346	0.066415	0.074480	-0.032582	-0.119234	0.058275	0.033358	-0.006043	-0.004795	-0.034100	-0.060699	0.133368	0.112831	0.007304	-0.108902	0.092221	0.106910	0.031849	0.063306	-1.820729	-0.021428	0.209999	0.024022	-0.140342	0.011262	0.043896	0.001592	-0.127233	0.126247	0.008455	0.127532	-0.019105	-0.050909	-0.036813	-0.187273	-0.032581	0.030360	0.096532	-0.014133	0.049538	-0.190926	-0.079918	0.075369
1.000000	-0.075904	0.134966	-0.021631	-0.122202	-0.067819	-0.009764	0.004265	0.068137	0.032804	-1.409396	0.099925	-0.114384	-0.098836	0.170854	0.007993	0.099955	-0.150944	0.020029	-0.019224	-0.086425	0.025888	0.204898	0.131927	0.072304	-0.205765	-0.043553	0.032294	-0.079976	-0.042181	0.026170	-0.040280	0.211630	-0.198266	0.073167	-0.837180	0.108833	0.008603	-0.022856	-0.109027	-0.014125	-0.023862	-0.128425	-0.056680	0.113710	0.068546	0.078414	0.222877	0.100296	-0.096736	0.049761	0.050527	-0.152624	0.084706	-0.062001	-0.114248	0.198670	0.004369	0.144483	0.135652	-0.037571	0.112837	-0.015976	0.170357	0.059291	-0.118207	-0.298372	0.059863	0.022004	0.022295	-0.032090	0.060329	0.067872	0.029681	0.109645	-0.043354	0.028760	0.151718	0.092683	-0.135755	-0.055566	-0.113187	-0.001224	0.157366	-0.015301	0.146419	0.025864	-0.158273	0.123957	0.025243	0.042549	-0.138399	0.148400	-0.157635	-0.124222	0.027400	0.068384	-0.177193	0.025109	-0.011608	-0.220681	0.067662	-0.022882	-0.053930	-0.058045	-0.059711	0.009853	0.078195	0.103290	-0.135876	0.086704	-0.017739	-0.098105	-0.074817	-0.217419	0.108139	0.067958	-0.107588	0.017246	0.024349	-0.201169	-0.029002	-0.099979	0.114549	0.100990	-0.028345	-0.016503	0.051283	0.097999	0.039927	0.082227	0.053834	0.116364	0.072500	0.025874	-0.073739	-0.050019	0.018105	-0.060040	0.009502	0.163611	-0.082003	0.169353	-0.002444	0.068580	-0.299579	-0.053242	-0.016759	0.016242	-0.070241	0.033178	0.053294	-0.050753	0.065831	0.013736	0.190183	0.000437	-0.079326	-0.045392	0.056545	-0.095075	0.125328	-0.153007	-0.018958	-0.049076	-0.016750	0.116833	-0.015451	0.071851	0.052454	0.042441	0.023736	0.035731	-0.485655	0.041125	-0.060556	0.031266	-0.087346	0.029580	0.043526	0.218876	0.046434	0.031099	0.133085	-0.010586	0.014368	-0.076250	-0.065337	0.101855	0.080108	0.051963	0.003041	0.163986	-0.012857	-0.065985	0.000424	-0.125882	-0.073266	0.007157	-0.002796	-0.043308	0.859948	-0.073059	0.052812	0.091329	0.077421	0.006596	0.010378	0.080031	-0.050857	-0.158622	-0.085485	-0.038042	0.032957	0.032131	0.053360	0.072684	0.096763	-0.007683	-0.009964	0.065500	0.239781	-0.055742	-0.169697	0.007892	-0.004782	-0.025795	0.104235	-0.020695	0.000451	-0.009527	-0.023694	0.013986	-0.020168	-0.114983	0.134407	0.130987	0.045717	0.014961	-0.116722	0.097820	0.013025	0.054037	0.243194	0.084971	-0.543507	-0.023726	0.164421	0.051901	-0.013216	-0.086075	0.111141	-0.150263	-0.067835	0.030268	0.247101	0.050825	-0.102644	-0.091310	0.062514	0.057580	-0.032430	-0.113279	0.039495	0.038127	-0.038593	-0.054136	-0.052578	-0.079941	0.141198	0.040470	-0.012210	-0.090023	0.048214	0.085072	0.059861	0.075279	-1.735795	-0.033379	0.193096	0.026035	-0.161594	0.002829	0.030264	0.014970	-0.110159	0.103402	0.011857	0.098296	0.006417	-0.026081	-0.009799	-0.156285	-0.074930	0.007317	0.066859	0.047708	0.082281	-0.239756	-0.063410	0.018942
0.000000	-0.054814	0.122730	-0.034268	-0.151579	-0.040312	0.015782	-0.029713	0.062075	0.043422	-1.380313	0.019401	-0.074720	-0.089463	0.180571	-0.002949	0.096498	-0.119743	-0.018896	-0.037822	-0.055633	-0.015875	0.186833	0.140325	0.067875	-0.235952	-0.075462	0.019972	-0.056601	-0.046389	-0.031525	-0.025194	0.201875	-0.134983	0.073640	-0.823868	0.077719	0.068807	0.025497	-0.054515	-0.036721	0.002978	-0.126277	-0.054807	0.070419	0.069767	0.121936	0.131904	0.068038	-0.097054	0.074772	0.058083	-0.160943	0.081381	-0.054149	-0.095190	0.180451	-0.059710	0.167480	0.128110	-0.039838	0.105328	0.004988	0.182053	0.008186	-0.089004	-0.309203	0.122536	0.018243	0.008542	-0.016202	0.098674	0.035369	-0.004411	0.075468	-0.005789	-0.000989	0.146416	0.176173	-0.213247	-0.040970	-0.129333	0.004408	0.169166	0.075568	0.096573	0.016687	-0.081225	0.149189	0.054559	0.074664	-0.148189	0.146921	-0.185531	-0.043354	0.031346	0.014429	-0.138971	0.046645	-0.004393	-0.186138	0.024493	-0.023506	0.029927	-0.053665	-0.005116	-0.025769	0.069859	0.132277	-0.141543	0.133871	-0.021486	0.008476	-0.078746	-0.232980	0.060901	0.042408	-0.133785	-0.029493	0.036830	-0.168832	-0.106659	-0.064960	0.081188	0.058247	-0.045266	0.021253	0.010305	0.124334	0.058015	0.088876	0.090771	0.141000	0.101821	-0.012437	-0.088813	0.011308	0.068366	-0.043881	-0.006618	0.157898	-0.041738	0.108200	-0.010681	0.125057	-0.309618	-0.044822	0.074522	0.024239	-0.120517	-0.007838	0.147880	-0.031284	0.103492	0.029642	0.168884	-0.022569	-0.047842	-0.028761	0.060571	-0.060608	0.109541	-0.114660	-0.001962	-0.047709	-0.015422	0.116243	-0.029380	0.110949	0.101959	0.093858	0.030884	-0.024342	-0.431389	0.035543	-0.076778	0.040538	-0.015626	0.038860	0.038737	0.200547	0.115377	0.143114	0.091539	-0.029240	-0.009765	-0.078104	-0.148589	0.122442	0.081758	0.101277	-0.035673	0.141851	-0.001924	-0.094119	0.079247	-0.111583	-0.155605	-0.024817	-0.007658	-0.107113	0.763484	-0.106960	0.048884	0.064526	0.074118	0.060891	0.015954	0.066078	-0.002711	-0.179606	0.012825	-0.050002	0.056492	0.027382	0.060928	0.012793	0.110360	-0.031990	0.068045	0.017148	0.259985	-0.080535	-0.111168	0.007743	-0.070397	-0.012086	0.064198	-0.068004	-0.010836	-0.029387	-0.016366	0.042589	-0.093487	-0.114999	0.115272	0.101051	0.040916	0.037604	-0.108930	0.126696	-0.041603	0.077054	0.227775	0.131422	-0.489634	-0.027427	0.189072	-0.046248	-0.016705	-0.075569	0.155317	-0.157684	-0.063191	-0.011113	0.352859	0.068650	-0.090316	-0.079418	0.055030	0.080408	-0.063272	-0.116352	0.017451	0.039362	-0.092937	-0.011878	-0.052808	-0.026154	0.123925	0.076959	-0.048445	-0.137518	0.059694	0.097764	0.033561	0.076349	-1.724223	0.016776	0.152059	0.031982	-0.163370	0.072170	0.103486	0.036272	-0.018248	0.160626	-0.024233	0.116449	0.008691	-0.054114	0.026855	-0.190403	-0.003136	0.009155	0.095395	-0.022279	0.025528	-0.218460	-0.085595	0.006205
1.000000	-0.089002	0.147652	-0.005933	-0.127500	-0.051634	0.006243	0.003667	0.032281	0.040909	-1.354759	0.029236	-0.039460	-0.081997	0.176563	-0.023052	0.098276	-0.142135	0.006036	-0.031378	-0.030308	0.005731	0.157414	0.116711	0.069772	-0.165906	-0.027932	0.022069	-0.072817	-0.039311	-0.042253	-0.035485	0.191103	-0.193228	0.097331	-0.830471	0.106655	-0.006904	0.023928	-0.053328	0.044998	-0.000748	-0.172346	-0.079191	0.070609	0.108478	0.099989	0.194697	0.133398	-0.080915	0.092703	0.087805	-0.116279	0.018085	-0.087380	-0.099974	0.141539	-0.002408	0.145226	0.127707	-0.026824	0.145915	-0.023314	0.163421	0.001832	-0.098812	-0.279466	0.044531	0.017568	-0.004934	-0.015749	0.085192	0.058682	0.010345	0.104520	-0.056828	-0.014420	0.171069	0.111397	-0.158515	-0.068332	-0.117767	-0.016157	0.145245	0.015141	0.082890	0.002156	-0.154682	0.134010	-0.004294	0.055769	-0.057333	0.098106	-0.218998	-0.103526	-0.008295	0.025324	-0.187507	0.018326	-0.014426	-0.207339	0.011881	-0.000556	-0.042277	-0.134618	-0.040996	-0.046034	0.095335	0.121288	-0.125140	0.095324	-0.010375	-0.073157	-0.087906	-0.202330	0.038846	0.063784	-0.095605	0.037109	0.047651	-0.209450	-0.091719	-0.110152	0.122276	0.083306	-0.051075	-0.025532	0.077908	0.102181	0.055765	0.125030	0.052946	0.167979	0.067654	0.048520	-0.097864	-0.040685	0.006741	-0.048488	-0.039025	0.228885	-0.071062	0.144955	-0.003779	0.083058	-0.332860	-0.025257	0.026559	0.025172	-0.079198	-0.044907	0.125584	0.003288	0.111520	0.002411	0.186794	-0.050832	-0.102168	-0.047415	0.049484	-0.090524	0.065525	-0.134683	-0.023441	-0.055642	-0.003972	0.084463	-0.022360	0.087261	0.126811	0.045834	0.044587	0.025067	-0.437028	-0.003160	-0.063378	0.047214	-0.087974	0.048412	0.022716	0.170908	0.136583	0.085572	0.101916	-0.064187	-0.020098	-0.047600	-0.059706	0.123762	0.060454	0.092741	-0.051796	0.211083	-0.001341	-0.053732	0.007438	-0.104956	-0.120607	-0.033983	0.001145	-0.028610	0.877687	-0.092509	0.097090	0.091760	0.090993	0.050578	0.000737	0.048845	-0.026741	-0.126783	-0.029507	-0.011417	0.034159	0.034229	0.075198	0.089410	0.091088	-0.039294	0.042347	0.030459	0.264436	-0.053825	-0.212922	0.022591	-0.000888	0.013683	0.072568	-0.017553	-0.009408	0.013650	-0.000275	0.024056	-0.069642	-0.098703	0.152905	0.152533	0.067267	0.023156	-0.136489	0.103747	-0.076549	0.042100	0.191937	0.090955	-0.541195	-0.079074	0.180785	0.018315	-0.013021	-0.073080	0.120438	-0.092553	-0.033867	0.017882	0.275288	0.053488	-0.047284	-0.091967	0.075336	0.100491	-0.055743	-0.143130	0.025627	0.012499	-0.049927	-0.019091	-0.083160	-0.020696	0.130666	0.073196	-0.057580	-0.150850	0.091395	0.126373	0.024846	0.045666	-1.740781	-0.006759	0.164560	0.055142	-0.195181	-0.032573	0.052360	-0.033029	-0.042637	0.187994	0.026179	0.060037	-0.024866	-0.047659	-0.015113	-0.194315	-0.036009	0.031219	0.091278	0.037817	0.083343	-0.264191	-0.090509	0.053360
1.000000	-0.061889	0.074089	-0.019663	-0.107827	-0.063640	-0.034561	-0.067275	0.082870	0.079808	-1.168084	0.112500	-0.068655	-0.057458	0.200952	-0.018685	0.084279	-0.193099	0.055125	-0.035209	0.093708	0.025471	0.209689	0.076249	-0.012294	-0.135932	-0.066619	-0.033114	-0.058433	-0.084461	-0.073452	-0.129649	0.213954	-0.178862	0.046398	-0.706662	0.192831	-0.008935	-0.018101	-0.078864	-0.013944	0.038997	-0.104736	-0.012330	0.041381	0.130009	0.090252	0.207817	0.120388	-0.107710	0.074886	0.019821	-0.073934	0.079547	-0.019311	-0.197145	0.083484	-0.006875	0.079627	0.120454	-0.046167	0.119535	-0.063636	0.127056	0.074156	-0.074181	-0.209825	0.018576	0.022376	0.035108	-0.023182	0.057743	0.019233	0.024600	0.101675	-0.073419	-0.012854	0.225632	0.003787	-0.148286	-0.022595	-0.121354	0.018580	0.177662	-0.069801	0.137280	-0.067267	-0.130999	0.129179	-0.042702	-0.012330	-0.066389	0.098811	-0.122532	-0.141707	-0.041774	0.066832	-0.111247	0.010571	-0.012850	-0.142815	0.032541	0.000635	0.028501	-0.147558	-0.121836	-0.050461	0.091888	0.116502	-0.217149	0.023012	0.011246	-0.017183	-0.070751	-0.231500	0.065757	0.026000	-0.160000	0.120740	0.062377	-0.136175	-0.102057	-0.175294	0.063941	0.094390	0.020399	-0.092567	0.087187	0.170710	-0.004342	0.048355	0.128878	0.224526	-0.038246	0.062380	-0.000378	-0.003152	-0.011190	-0.016670	-0.053310	0.144786	0.009046	0.203986	-0.000189	0.059267	-0.276194	-0.026529	-0.048454	-0.005704	-0.002539	-0.012025	-0.028377	0.059219	0.117004	0.005767	0.125193	-0.102707	0.007807	-0.061860	0.044021	-0.026023	0.142287	-0.089537	-0.018595	-0.038584	-0.012181	0.007056	-0.031971	0.106154	0.039756	-0.013492	0.013871	0.024365	-0.340327	0.040730	0.000449	0.017864	-0.047457	-0.000637	0.127977	0.007816	0.070204	0.100055	0.181195	-0.100809	0.006938	-0.103412	0.007588	0.101977	0.109658	0.033157	0.062899	0.199961	-0.057654	-0.063067	0.031584	-0.076363	-0.099720	-0.030346	-0.028344	0.025935	0.749257	-0.116767	0.195725	0.100908	0.010145	0.070364	0.040883	0.098463	-0.028929	-0.080099	-0.051558	-0.071668	0.022623	-0.004960	0.027022	0.070507	0.191581	-0.030395	0.019626	0.018592	0.164136	0.033513	-0.209995	0.043991	-0.003354	-0.064288	0.101249	-0.020775	0.009160	-0.081919	0.000492	0.034920	-0.024640	-0.113343	0.125323	0.154769	0.035869	0.020364	-0.202696	-0.016996	-0.041399	-0.022165	0.101885	0.008663	-0.465160	-0.031590	0.094006	0.079334	0.009292	-0.217951	0.123568	-0.074275	-0.082415	0.012123	0.212217	0.114862	-0.070041	-0.069147	0.029993	0.055956	-0.011477	-0.120944	0.038986	-0.028001	-0.037142	-0.054541	-0.036869	-0.009522	0.081175	0.069638	-0.090086	-0.181330	0.039675	0.105677	0.022426	0.090342	-1.413828	0.012251	-0.006428	-0.035434	-0.145755	0.062739	-0.007771	0.035685	-0.040245	0.141098	0.044396	-0.002452	0.036758	0.001110	-0.032071	-0.111541	0.011783	0.011480	-0.006167	-0.013159	0.109980	-0.199356	-0.047778	0.097592
1.000000	-0.106685	0.152130	0.023459	-0.119000	-0.110319	0.012380	-0.054092	0.019476	0.067601	-1.241178	0.079972	-0.038459	-0.107774	0.160262	-0.054662	0.110712	-0.159616	0.044675	-0.034249	0.022208	-0.021020	0.187624	0.084897	0.083223	-0.160819	-0.093494	0.013443	-0.101046	-0.080661	-0.050579	-0.055218	0.217216	-0.177683	0.033293	-0.746939	0.137745	-0.013688	0.007627	-0.107056	0.029109	0.013405	-0.091689	-0.067824	0.028227	0.096304	0.127236	0.193040	0.168653	-0.116065	0.082231	0.027684	-0.121920	0.117638	-0.042421	-0.134472	0.130367	0.011235	0.165805	0.121769	0.009963	0.095800	-0.042434	0.198719	0.043309	-0.100814	-0.306686	0.043145	0.019380	0.026714	-0.041139	0.088448	0.048525	0.024951	0.068200	-0.125949	0.009146	0.154492	0.132546	-0.158046	-0.055868	-0.166944	0.018772	0.112791	0.062495	0.065199	0.028911	-0.145951	0.170779	0.006694	0.057540	-0.087635	0.096997	-0.203008	-0.086365	-0.031269	0.057028	-0.177608	0.069480	-0.029599	-0.177152	0.042433	0.040149	0.037776	-0.158634	-0.067945	-0.017002	0.124937	0.088701	-0.200505	0.082473	0.010974	-0.030124	-0.123016	-0.216250	0.062512	0.057382	-0.145902	0.042612	0.080565	-0.153322	-0.118196	-0.112795	0.041314	0.131989	-0.070134	-0.072458	0.072422	0.166240	0.066103	0.120425	0.061609	0.173367	0.046144	0.044744	-0.062509	-0.001636	0.006482	-0.017090	-0.028658	0.135334	-0.004812	0.165952	-0.031400	0.095593	-0.295371	-0.049893	-0.006853	-0.055355	-0.034313	-0.028317	0.072907	-0.037597	0.081034	0.023743	0.163433	-0.090962	-0.053521	-0.049537	0.063556	-0.042369	0.044548	-0.105771	-0.030836	-0.014092	0.006855	0.089365	-0.010648	0.094034	0.076573	0.020471	0.052161	0.049593	-0.415943	0.007791	-0.056313	-0.010925	-0.070687	0.060349	0.031583	0.108742	0.153568	0.095767	0.165923	-0.063568	0.010317	-0.118258	-0.051623	0.050571	0.003051	0.110369	-0.013501	0.178300	-0.044408	-0.067316	0.048946	-0.103953	-0.100336	-0.041158	-0.001840	-0.063489	0.822210	-0.085461	0.080713	0.029239	0.069202	0.057400	0.002649	0.074541	-0.040607	-0.134570	0.010653	-0.043100	0.092295	0.002780	0.047651	0.050779	0.120498	-0.063999	0.030438	0.061514	0.239400	-0.043118	-0.204304	0.028229	-0.056039	-0.045609	0.101861	0.003715	0.020970	-0.040291	0.041756	0.035460	0.008660	-0.136614	0.154124	0.134906	0.064613	0.043043	-0.154259	0.115458	-0.063407	0.016916	0.190516	0.105798	-0.558019	-0.038128	0.160951	0.059046	0.001149	-0.169206	0.102650	-0.093176	-0.047227	-0.039544	0.278492	0.063822	-0.059933	-0.102843	0.090426	0.093260	-0.012601	-0.130962	0.094152	0.034204	-0.024262	-0.027663	-0.028585	-0.018853	0.163431	0.089892	-0.097346	-0.177122	0.063727	0.183480	0.007923	0.095133	-1.640387	-0.029275	0.107888	0.005271	-0.176391	-0.002458	0.041844	0.019056	-0.080806	0.220821	0.000972	0.111695	0.017441	-0.029574	-0.020627	-0.196913	0.034386	0.017033	0.036604	-0.027426	0.105282	-0.257936	-0.098969	0.039684
0.000000	-0.112916	0.134263	-0.021676	-0.154465	-0.094783	0.064779	-0.032112	0.046600	0.017104	-1.383606	0.108057	-0.065396	-0.052013	0.131866	0.002119	0.131467	-0.187356	-0.077567	-0.024580	-0.020428	-0.011179	0.237733	0.142559	0.081592	-0.166340	-0.004775	0.017790	-0.030557	-0.069702	0.007079	-0.005354	0.210437	-0.177531	0.066077	-0.857725	0.135051	-0.021633	0.018376	-0.042886	-0.002988	0.005837	-0.184142	-0.118831	0.090256	0.097247	0.098648	0.192791	0.082911	-0.118040	0.026162	0.058172	-0.126423	0.019916	-0.053281	-0.144349	0.147668	-0.051763	0.175532	0.143480	-0.065798	0.139407	0.027885	0.193355	0.042352	-0.097222	-0.357318	0.076363	0.078201	-0.009598	-0.035397	0.070805	0.056382	-0.023602	0.095088	-0.026844	0.005954	0.141168	0.104319	-0.151171	-0.071069	-0.110799	-0.019109	0.109542	0.011022	0.050959	0.036984	-0.122897	0.168128	0.019004	0.049530	-0.117044	0.167084	-0.191101	-0.145766	-0.041363	0.049762	-0.185482	0.000779	0.012250	-0.244655	0.021696	0.008122	-0.030371	-0.054328	-0.049969	-0.020521	0.088454	0.044923	-0.172135	0.082523	-0.006650	-0.052509	-0.038138	-0.201506	0.064603	0.116174	-0.117912	0.094593	0.077594	-0.207733	-0.065453	-0.116708	0.118613	0.083407	-0.056915	-0.011118	0.051642	0.160820	0.030739	0.112869	0.056937	0.160250	0.056137	0.020982	-0.040843	-0.027531	0.007703	-0.003798	-0.080727	0.139223	-0.020800	0.115464	-0.025746	0.114921	-0.325892	-0.074443	-0.023866	0.061717	-0.066268	-0.021600	0.126188	-0.033359	0.095847	0.041568	0.219913	-0.036022	-0.067630	-0.025601	0.069497	-0.017062	0.100242	-0.098112	0.006117	-0.045263	-0.009697	0.123404	-0.007843	0.142488	0.018575	0.022395	0.015858	0.012903	-0.495190	0.031335	-0.022777	0.011655	-0.095252	0.071775	-0.019431	0.210770	0.110774	0.089720	0.152965	-0.041435	0.012316	-0.113430	-0.052182	0.089559	0.061169	0.095887	0.006524	0.159929	-0.019906	-0.067949	-0.013753	-0.098524	-0.040568	-0.058239	0.081631	-0.042955	1.032229	-0.032944	0.113732	0.064792	0.014689	0.005025	-0.001002	0.056058	-0.029728	-0.190055	-0.040319	-0.007295	0.056380	0.018913	0.070551	0.051228	0.114392	0.034294	-0.007537	-0.012186	0.241852	-0.052794	-0.177690	-0.006791	-0.111728	-0.036167	0.092456	0.010668	-0.069720	-0.019008	0.040528	0.055257	-0.007725	-0.107546	0.125812	0.174620	0.021185	0.094102	-0.121982	0.086817	-0.035993	0.042618	0.216540	0.095304	-0.517827	-0.067551	0.129941	0.068243	-0.060257	-0.066817	0.081175	-0.101093	-0.089489	-0.026166	0.260363	-0.016852	-0.052992	-0.122156	0.070009	0.064512	-0.024005	-0.198863	0.101971	0.040089	-0.041168	-0.047663	-0.069060	-0.006571	0.128703	0.085630	-0.050089	-0.139959	0.099106	0.136708	0.022362	0.104632	-1.763910	-0.081816	0.206073	0.038660	-0.162571	0.063248	0.001560	0.007213	-0.053620	0.176173	0.005197	0.092302	-0.013622	-0.034703	-0.003516	-0.155764	-0.042160	0.027021	0.069004	0.091468	0.064976	-0.236668	-0.085992	0.095922
1.000000	-0.146413	0.171782	-0.078839	-0.101612	-0.110608	0.147531	-0.044302	0.071673	0.148566	-1.289038	-0.013587	-0.154342	-0.157508	0.112813	0.014191	0.068309	-0.111865	0.021747	0.003544	-0.044369	-0.075856	0.224253	0.148016	0.098995	-0.218753	-0.103492	0.018299	0.097578	-0.084845	0.014501	-0.117027	0.141983	-0.084308	0.044510	-0.888209	0.116305	-0.009876	0.064315	-0.115181	-0.094497	-0.000640	-0.038703	-0.033635	0.062187	0.065521	-0.021135	0.241787	0.080011	-0.159670	0.091991	0.007328	-0.199099	0.025580	-0.091275	-0.082848	0.174907	-0.036229	0.215920	0.036179	0.029854	0.080645	-0.084637	0.217709	0.014992	-0.146909	-0.356625	0.027378	0.046232	-0.027930	-0.038809	0.144378	0.021386	-0.014552	0.023067	-0.023132	-0.107897	0.079692	0.065678	-0.152405	-0.148742	-0.086620	0.020172	0.097608	-0.041353	0.094202	-0.081356	-0.113414	0.113815	0.000943	0.014503	-0.131643	0.107709	-0.125495	-0.161068	0.022285	0.078153	-0.154608	-0.036830	-0.020051	-0.264046	-0.001174	0.004840	-0.062626	-0.044249	-0.133566	-0.084567	0.133018	0.125753	-0.206569	0.069086	0.037933	-0.083594	-0.137433	-0.286551	0.042026	0.058194	-0.099133	0.068435	0.040035	-0.185512	-0.160962	-0.069985	0.111916	0.108748	-0.098069	-0.044367	0.105936	0.092973	0.040481	0.016526	0.087105	0.170118	0.017826	0.037017	-0.030361	0.080723	-0.069686	0.032106	-0.047269	0.134129	-0.014262	0.141745	0.075870	0.068357	-0.322922	-0.083496	-0.076842	-0.025021	-0.009585	0.061043	0.078203	0.038208	0.112359	-0.066385	0.129453	-0.041562	-0.084822	-0.089405	0.147672	-0.138417	0.149582	-0.082661	-0.067406	0.014733	0.022275	0.087297	0.021201	0.104153	0.055737	0.028304	0.006409	0.084744	-0.486240	0.086968	-0.047600	-0.055309	-0.076305	0.089927	0.001614	0.190932	0.045260	0.014640	0.110666	0.012295	0.037962	-0.000221	0.087276	0.112490	0.101057	-0.012462	0.010135	0.213123	-0.073651	-0.059417	-0.074519	-0.167048	-0.084448	0.003390	0.046560	0.030747	0.732652	0.032156	0.081537	0.094430	0.011241	0.054696	-0.070642	0.076353	-0.051395	-0.136578	-0.040303	-0.136730	0.066299	0.080982	-0.031064	0.138944	0.141683	-0.003102	-0.054744	0.038876	0.244740	-0.015017	-0.215702	0.091184	-0.150816	-0.044102	0.090590	0.071432	0.006278	-0.066218	0.004006	0.035179	-0.013735	-0.046960	0.199212	0.184383	0.029459	0.094648	-0.171394	0.027098	-0.152578	0.025068	0.171738	-0.008533	-0.552209	-0.070674	0.176257	0.039558	-0.083455	-0.100699	0.125821	-0.100869	0.057036	-0.034155	0.187813	0.099316	-0.120188	-0.146080	0.064082	0.085378	0.065470	-0.187038	0.025752	-0.062382	0.001100	-0.058976	-0.033201	-0.002538	0.123863	0.059691	-0.022623	-0.164521	0.164805	0.021396	0.018811	0.026303	-1.763923	0.019903	0.133846	-0.004684	-0.148256	0.085570	0.008572	0.018340	-0.057278	0.170624	0.047595	0.059171	0.016734	-0.004691	-0.081781	-0.118760	0.003859	-0.038415	0.085528	-0.017482	0.036764	-0.219943	-0.075534	0.070778
1.000000	-0.058226	0.109643	-0.074641	-0.134608	-0.075207	0.031498	-0.023488	0.103273	0.069859	-1.336780	0.094460	-0.067290	-0.074422	0.182802	-0.009142	0.050479	-0.200174	0.013392	0.026234	0.030400	0.011427	0.228638	0.135022	0.064557	-0.221953	-0.057301	0.055001	-0.041661	-0.074029	0.037612	-0.055004	0.213112	-0.256891	0.011957	-0.779040	0.164476	-0.032415	-0.008500	-0.048497	-0.034693	0.015580	-0.133876	-0.054831	0.062616	0.096074	0.138292	0.226660	0.067685	-0.102316	0.038160	0.102376	-0.121769	0.058007	-0.127250	-0.136589	0.188791	-0.035189	0.111785	0.141789	0.050751	0.182216	-0.032940	0.160741	0.071320	-0.077647	-0.220771	0.093396	0.064223	0.037756	0.002742	0.022572	0.012698	-0.013858	0.127797	-0.033754	-0.063201	0.119181	0.123282	-0.146396	-0.113762	-0.137157	-0.047054	0.157523	-0.058922	0.109318	0.042946	-0.084173	0.149941	0.012012	0.045742	-0.135553	0.190072	-0.167351	-0.160823	-0.004892	0.044605	-0.145749	-0.033991	0.012251	-0.214255	-0.023601	-0.019123	-0.068445	-0.075427	-0.101306	-0.025648	0.043038	0.084793	-0.129143	0.086351	0.001056	-0.127349	-0.089032	-0.218920	0.076497	0.083885	-0.146612	0.074920	0.050791	-0.155449	-0.042482	-0.126535	0.132993	0.106167	-0.027825	-0.061321	0.059291	0.140021	0.006050	0.105612	0.080650	0.134379	0.068556	0.027310	-0.099383	-0.065996	-0.021425	-0.018755	-0.036529	0.179816	-0.051603	0.122850	-0.000055	0.098074	-0.283852	-0.051082	-0.035483	0.008581	-0.089440	0.006052	-0.033118	-0.033814	0.056375	-0.072969	0.185536	-0.005956	-0.066118	-0.032555	0.077381	-0.064811	0.080797	-0.153661	0.019213	-0.090075	-0.006136	0.097306	0.019925	0.132238	0.033363	0.012673	0.055608	0.023652	-0.458260	0.071590	-0.041633	-0.007795	-0.076465	0.056513	-0.010498	0.112194	0.065852	0.043996	0.161259	-0.053059	0.015790	-0.056698	0.052041	0.066646	0.056497	0.099621	-0.009455	0.177480	-0.003698	-0.062662	0.012950	-0.110377	-0.103661	0.058305	0.026810	-0.034888	0.833321	-0.065760	0.094510	0.066137	0.066629	0.031325	-0.021508	0.106240	-0.044810	-0.182625	-0.065232	-0.024324	0.070808	0.035892	0.068258	0.069043	0.141170	0.005533	0.001678	0.012181	0.191481	-0.039311	-0.187620	0.005527	-0.044978	-0.053625	0.078251	0.048416	-0.027177	-0.043034	-0.010295	0.047789	-0.001732	-0.133792	0.116209	0.138290	0.040892	0.016719	-0.159488	0.066947	-0.020878	0.052695	0.215728	0.129294	-0.569354	-0.075218	0.093833	0.058535	-0.072844	-0.059373	0.113515	-0.178831	-0.059151	0.012913	0.185474	0.058789	-0.043405	-0.134791	0.048683	0.090316	-0.028232	-0.198743	0.056272	0.035019	-0.048274	-0.039403	-0.073614	-0.031196	0.127606	0.072903	0.009548	-0.091360	0.032394	0.121178	0.015638	0.132091	-1.614646	0.022119	0.171094	-0.006880	-0.164250	0.079951	0.027169	0.040805	-0.037368	0.123409	0.010829	0.107167	0.006336	-0.064214	-0.020894	-0.168735	-0.044518	0.019758	0.071106	-0.040333	0.073562	-0.177225	-0.042034	0.047179
0.000000	-0.083936	0.140565	-0.028360	-0.135210	-0.063987	0.005875	-0.014374	0.103888	0.058967	-1.578842	0.103531	-0.022862	-0.061776	0.131958	0.011407	0.026693	-0.190008	-0.019189	0.010830	-0.009513	0.060033	0.274284	0.153699	0.100129	-0.213284	-0.027199	0.013241	-0.077555	-0.015630	0.025963	-0.067452	0.254830	-0.267244	-0.095301	-0.888565	0.192200	-0.046609	-0.042356	-0.056799	-0.001338	-0.022904	-0.142634	-0.114328	0.014052	0.061048	0.023984	0.197441	0.064229	-0.080163	0.089951	0.073593	-0.172248	0.046509	-0.027539	-0.141737	0.219691	0.039231	0.136000	0.135610	0.026488	0.207279	-0.009036	0.183473	0.088571	-0.073249	-0.213005	0.060408	0.040921	0.070232	0.035910	0.015600	0.030764	0.030224	0.154667	-0.022891	-0.076757	0.109780	0.131735	-0.172200	-0.061842	-0.188115	-0.036442	0.170890	-0.081559	0.060340	0.034927	-0.110195	0.194970	0.015335	0.103140	-0.166295	0.219256	-0.190391	-0.198811	0.052243	-0.017862	-0.249114	0.015815	0.027739	-0.279871	0.004181	-0.036820	-0.099761	-0.103839	-0.098215	-0.005983	0.126800	0.073250	-0.154495	0.144901	-0.041708	-0.166211	-0.083853	-0.218729	0.103157	0.090039	-0.043353	0.047698	0.022696	-0.120372	-0.019759	-0.107853	0.106062	0.141717	0.007251	-0.037895	0.150707	0.169912	0.047440	0.043862	0.107065	0.075548	0.072470	0.035534	-0.093840	-0.051861	-0.030035	-0.039659	0.008883	0.173168	-0.100299	0.111992	0.049797	0.122728	-0.334610	-0.069438	-0.049789	0.032051	-0.072723	0.014829	-0.018630	-0.073796	0.077754	-0.012408	0.162894	-0.028377	-0.028129	-0.030554	0.085205	-0.070549	0.107480	-0.170312	-0.023670	-0.060609	0.025379	0.083816	-0.020515	0.104357	0.066371	0.058397	0.100423	0.050586	-0.503257	0.050500	0.044822	-0.072742	-0.078293	0.047569	0.057098	0.195597	0.066918	-0.015000	0.098976	-0.042008	-0.014291	-0.054523	-0.020179	0.074071	0.101969	0.109453	-0.061709	0.155979	0.054969	-0.002870	-0.018879	-0.182757	-0.027932	-0.054876	0.025676	-0.127442	0.905803	-0.097998	0.084305	0.057050	0.039822	0.041877	-0.013230	0.071777	-0.009663	-0.149732	-0.126808	-0.066927	0.089612	0.023618	-0.032462	0.065721	0.094187	0.060856	-0.011310	-0.004835	0.102248	-0.022824	-0.150852	0.074758	0.061685	-0.008124	0.122634	0.059710	-0.011469	-0.007066	0.024919	0.078978	0.024955	-0.133315	0.047882	0.116165	0.108327	0.020502	-0.144895	0.114620	0.033249	0.024066	0.231087	0.079714	-0.564351	-0.097089	0.102106	0.016554	-0.029232	-0.012115	0.062331	-0.139189	-0.122984	0.041524	0.178367	0.093866	-0.034350	-0.131114	0.049192	0.004506	0.040422	-0.180390	0.020853	0.013679	-0.041333	0.022663	-0.019640	0.006538	0.131468	0.138356	0.014735	-0.106396	0.091448	0.061054	0.023866	0.099979	-1.730135	-0.048095	0.254061	0.001376	-0.140053	0.001341	0.008449	0.052355	-0.059591	0.093009	0.002212	0.083092	-0.032725	-0.050259	0.015626	-0.183670	-0.002982	-0.008763	0.113665	-0.057246	0.041767	-0.246822	-0.048938	0.089007
1.000000	-0.092169	0.130003	-0.012004	-0.150535	-0.096226	-0.029879	-0.031049	0.133970	0.038853	-1.254760	0.023714	-0.069296	-0.057191	0.162131	0.044796	0.052716	-0.203286	-0.002901	0.013168	0.032542	-0.023568	0.185425	0.081380	0.073595	-0.157147	-0.084117	-0.003821	-0.039043	-0.076738	0.006632	-0.114027	0.220904	-0.242418	0.001622	-0.718606	0.180093	0.004301	-0.027485	-0.068119	-0.077276	0.016814	-0.103092	-0.015172	0.067932	0.127372	0.094566	0.174325	0.130479	-0.083729	0.059511	0.055808	-0.099035	0.056463	-0.133474	-0.156882	0.138362	-0.003829	0.092400	0.127314	0.008828	0.116521	-0.064815	0.161582	0.113211	-0.071305	-0.215985	0.048304	0.023683	0.007078	0.010788	0.038179	0.008017	-0.017872	0.096928	-0.034471	-0.023721	0.157874	0.045398	-0.166211	-0.022754	-0.185999	-0.012603	0.181205	-0.046787	0.054792	0.075382	-0.128927	0.126365	0.034600	0.015762	-0.106800	0.099698	-0.108372	-0.151738	-0.035699	0.055523	-0.182221	-0.033370	0.048535	-0.130575	0.035782	-0.050557	-0.028179	-0.073330	-0.158634	-0.044923	0.078640	0.114182	-0.133004	0.056569	0.040290	-0.062413	-0.045242	-0.199618	0.053755	0.069419	-0.127635	0.135247	0.055166	-0.145928	-0.072344	-0.166718	0.101995	0.107753	-0.103641	0.010291	0.022644	0.232903	0.039187	0.160265	0.002147	0.172610	0.065771	0.058128	-0.107811	0.025138	0.001567	-0.020844	-0.036404	0.173852	0.061117	0.136092	0.029157	0.010565	-0.227504	-0.057126	-0.032207	-0.022133	-0.021200	-0.004072	-0.051923	0.027793	0.099713	-0.065690	0.144774	-0.058294	-0.085293	-0.073375	0.059114	-0.055322	0.150064	-0.097928	-0.012652	-0.006950	-0.050097	0.077428	-0.041295	0.075038	0.046658	0.008927	0.047327	0.018169	-0.457434	0.110128	-0.006565	0.020087	-0.015044	0.000326	0.030479	0.108628	0.071695	0.060637	0.105764	-0.014997	0.012857	-0.106416	0.120150	0.077698	0.079261	0.020484	-0.077221	0.175446	-0.001200	-0.073607	-0.033831	-0.113588	-0.046317	-0.039836	0.019974	0.001261	0.724866	-0.076695	0.066431	0.039195	0.035965	0.047443	0.025644	0.178728	-0.037128	-0.160563	-0.045769	-0.026427	0.009348	0.048240	0.041355	0.014054	0.232759	0.009637	0.040060	-0.023384	0.186340	-0.050146	-0.232395	-0.003311	-0.122427	-0.014246	0.102645	0.110002	-0.030547	-0.018047	-0.000072	0.056092	-0.016774	-0.046245	0.126575	0.226399	0.037942	-0.028460	-0.254311	0.053068	-0.073443	0.057441	0.176833	0.047832	-0.508966	-0.003453	0.137807	0.056760	-0.062112	-0.131779	0.171359	-0.105488	-0.097825	0.064275	0.177074	0.069542	-0.075554	-0.053337	0.081483	0.037128	0.011978	-0.159924	0.046736	-0.032295	-0.020119	-0.024697	-0.087005	-0.082539	0.119003	0.136699	-0.002373	-0.061424	0.049563	0.140561	-0.014037	0.081594	-1.563800	-0.033236	0.170518	-0.006710	-0.151513	-0.040769	-0.011624	0.041503	-0.064615	0.153954	0.062758	0.071429	0.064702	-0.009677	-0.025118	-0.135155	0.018806	-0.038872	0.038275	-0.012231	0.071225	-0.231042	-0.027788	0.083383
0.000000	-0.138695	0.081874	-0.057930	-0.127456	-0.057839	0.003386	-0.009319	0.006706	0.078756	-1.475944	0.039110	-0.032223	-0.037554	0.148190	0.028764	0.112637	-0.115902	0.017720	-0.010635	-0.027283	0.016953	0.184625	0.132185	-0.000493	-0.231997	-0.024606	0.068317	-0.117559	-0.002471	-0.017991	-0.029390	0.206106	-0.131530	0.113656	-0.961632	0.037481	-0.050279	0.035489	-0.075088	0.057081	0.003046	-0.159137	-0.054649	0.051217	0.090370	0.082220	0.256059	0.095781	-0.066275	0.095827	0.081671	-0.116419	0.009982	-0.070475	-0.154129	0.193807	0.014546	0.130283	0.155256	-0.009540	0.123052	-0.021995	0.177961	0.050365	-0.088313	-0.359600	0.063159	0.030913	0.023641	-0.093110	0.068667	0.019579	-0.021431	0.142421	-0.044566	-0.016885	0.126054	0.101243	-0.136317	-0.107003	-0.080799	-0.019802	0.207105	0.054802	0.059913	0.035782	-0.107112	0.134676	0.047447	0.090405	-0.085885	0.122516	-0.232317	-0.143070	0.006366	0.039261	-0.211996	-0.045124	0.023541	-0.257721	0.042350	-0.030385	-0.064861	-0.084264	-0.064578	-0.049631	0.183253	0.079745	-0.172504	0.116680	-0.089933	-0.095242	-0.092530	-0.228377	0.089436	0.114288	-0.128894	0.030206	0.043897	-0.182445	-0.108009	-0.109716	0.100295	0.127637	-0.050960	-0.035038	0.091119	0.090024	0.079249	0.048723	0.090899	0.106486	0.092654	0.019839	-0.068783	0.021490	0.019471	-0.082855	-0.004326	0.170678	-0.100225	0.118986	0.035130	0.144261	-0.395202	-0.051570	0.072152	0.033623	-0.055279	-0.029162	0.127818	-0.005586	0.068228	-0.002323	0.239055	0.002922	-0.041639	-0.061190	0.106244	-0.058522	0.061398	-0.188446	-0.002313	-0.082119	0.021874	0.112402	-0.031461	0.097685	0.088024	0.079851	-0.001378	0.037975	-0.425323	0.016846	-0.037918	0.014943	-0.084877	0.081126	0.042701	0.247497	0.099725	0.112681	0.116580	-0.037919	-0.034526	-0.041149	-0.097227	0.117399	0.074931	0.068915	-0.008470	0.143704	0.062198	-0.095112	-0.000388	-0.181266	-0.122111	-0.009675	0.007612	-0.091642	0.975627	-0.049102	0.097174	0.106015	0.054702	0.021917	-0.041927	0.030565	-0.055475	-0.162539	-0.107304	-0.087860	0.044731	0.048662	-0.000453	0.058340	0.021423	0.000941	0.006988	0.060941	0.297093	-0.094915	-0.163363	0.051739	0.035549	0.030907	0.128825	-0.066989	-0.002896	-0.032771	0.040737	0.000009	-0.046599	-0.181053	0.129430	0.109798	0.031376	0.098330	-0.079872	0.059116	-0.011320	0.029665	0.184650	0.110611	-0.475899	-0.066201	0.197807	-0.015634	-0.039464	-0.027021	0.088006	-0.106000	-0.034110	0.007901	0.378879	0.100133	-0.028533	-0.107887	0.087906	0.062480	-0.023819	-0.167584	0.022853	0.002069	-0.042976	-0.003368	-0.066173	-0.104771	0.095032	0.094249	-0.095376	-0.175114	0.100506	0.041384	0.042812	0.029787	-1.887016	0.016734	0.211216	0.046773	-0.238144	0.004337	0.080043	-0.059593	-0.078171	0.205825	-0.030972	0.100680	-0.032212	-0.031508	0.020709	-0.190469	-0.035197	-0.001348	0.126237	0.012556	0.066250	-0.216269	-0.079504	0.078399
1.000000	-0.104663	0.112401	-0.043995	-0.108155	-0.053578	0.008958	-0.063934	-0.009542	0.044301	-1.403332	0.068050	-0.018058	-0.049866	0.188328	-0.015466	0.153430	-0.077744	0.017672	-0.041332	0.013216	0.029408	0.238593	0.071039	0.047378	-0.188425	-0.078067	0.037091	-0.135706	-0.035171	-0.023839	-0.039412	0.193092	-0.176005	0.115071	-0.898443	0.111163	-0.059268	0.040910	-0.076436	0.031008	-0.012516	-0.184013	-0.043203	0.098589	0.139002	0.147175	0.251101	0.173393	-0.086698	0.086426	0.067189	-0.141042	0.072218	-0.054069	-0.120030	0.187816	0.027633	0.179751	0.165493	0.009343	0.116524	-0.028077	0.149833	0.072980	-0.070794	-0.331750	0.058588	0.015172	-0.019773	-0.098930	0.061677	0.018466	-0.024084	0.094597	-0.099130	0.005071	0.161792	0.113293	-0.177760	-0.050922	-0.139422	0.036852	0.223993	0.053124	0.107445	0.031005	-0.143387	0.198259	0.029225	0.091081	-0.107794	0.080262	-0.194649	-0.119806	-0.008257	0.027509	-0.179504	-0.005827	-0.012986	-0.214874	0.004793	0.004578	-0.026454	-0.054046	-0.024628	-0.019402	0.098926	0.114737	-0.145393	0.112847	-0.020388	-0.066648	-0.071173	-0.249006	0.096676	0.066040	-0.104171	-0.035258	0.072410	-0.218068	-0.089689	-0.115579	0.086740	0.080258	-0.042127	-0.065936	0.075870	0.112000	0.069477	0.097398	0.102566	0.139129	0.065569	-0.011459	-0.096248	0.013228	-0.005099	-0.044124	-0.034932	0.141390	-0.071390	0.094724	0.035389	0.170933	-0.328855	-0.057273	0.041070	-0.008160	-0.121075	0.017871	0.100454	-0.010847	0.079116	0.057027	0.211837	-0.053233	-0.068606	-0.040289	0.075133	-0.059370	0.079285	-0.187929	-0.035216	-0.059638	0.012781	0.087974	-0.022240	0.128473	0.168993	0.076641	0.019380	-0.024270	-0.455382	-0.043638	-0.045613	0.047444	-0.059422	0.053370	0.053120	0.183107	0.140954	0.124784	0.141687	0.002785	0.000954	-0.059315	-0.108625	0.123450	0.048237	0.111425	-0.059143	0.140723	0.017497	-0.113142	-0.007376	-0.159515	-0.123033	-0.004398	-0.006937	-0.077589	0.987546	-0.128851	0.089067	0.048058	0.072184	-0.004090	-0.010474	0.088267	-0.037122	-0.067048	-0.097164	-0.003049	0.048976	0.018976	0.041974	0.067420	0.043463	-0.045363	0.054525	0.009129	0.284606	-0.104199	-0.205796	0.082126	-0.016085	0.049709	0.117051	-0.043722	0.009846	-0.020570	-0.003324	0.021701	-0.077915	-0.184412	0.128714	0.078013	0.058273	0.070553	-0.116488	0.087318	0.008788	0.030184	0.214805	0.114590	-0.460948	-0.059100	0.149215	0.006857	-0.008082	-0.080381	0.114304	-0.137527	0.019387	0.006642	0.343591	0.091040	0.002543	-0.089052	0.104261	0.069938	-0.029463	-0.097497	0.019104	0.024337	-0.100805	-0.011836	-0.051951	-0.091873	0.180174	0.100407	-0.104468	-0.203131	0.086632	0.075755	0.075753	0.018414	-1.781896	-0.009457	0.201534	0.050419	-0.243892	0.021855	0.030803	-0.060561	-0.058396	0.183340	-0.002627	0.074657	-0.047876	-0.045204	0.028398	-0.157843	-0.016028	0.037305	0.112544	-0.031880	0.107554	-0.181109	-0.134431	0.088924
0.000000	-0.038151	0.130220	-0.048153	-0.145543	-0.048705	0.004502	-0.035122	0.072499	0.061061	-1.582324	0.094746	-0.060618	-0.057427	0.171243	0.009333	0.121847	-0.149089	0.004382	0.018048	-0.000471	0.055191	0.252197	0.173883	0.048449	-0.247698	-0.067815	0.055586	-0.136368	-0.064748	-0.007349	-0.041217	0.253349	-0.168446	0.039612	-0.964172	0.118619	-0.048150	0.042625	-0.056914	0.030590	0.012605	-0.184884	-0.024994	0.054243	0.105902	0.116419	0.205104	0.104090	-0.076095	0.074253	0.038825	-0.106224	0.026949	-0.097985	-0.139996	0.229318	0.016442	0.197911	0.199648	0.002905	0.162342	-0.036525	0.187048	0.070548	-0.101008	-0.331960	0.033964	-0.008408	0.049521	-0.084881	0.097849	0.000208	-0.045720	0.154130	-0.025642	-0.043990	0.132184	0.173828	-0.183968	-0.042610	-0.121363	-0.010439	0.238635	0.013585	0.087145	0.057755	-0.151308	0.180846	0.040307	0.081356	-0.176397	0.182637	-0.251746	-0.158098	-0.007516	0.057073	-0.228267	-0.030856	-0.010823	-0.226913	0.045806	-0.031079	-0.055067	-0.066587	-0.057245	-0.034624	0.088788	0.120977	-0.195556	0.136290	-0.037759	-0.133382	-0.109167	-0.238631	0.101819	0.086102	-0.090652	-0.000598	0.038338	-0.225344	-0.088386	-0.120798	0.090800	0.100082	-0.014352	-0.060883	0.065488	0.117090	0.057778	0.097821	0.113088	0.110505	0.081156	-0.013982	-0.075334	0.013311	0.000185	-0.046439	-0.026552	0.193174	-0.046866	0.143662	0.068502	0.097806	-0.364789	-0.095136	0.035768	0.029346	-0.099044	-0.004756	0.040423	-0.049687	0.073599	0.009712	0.179401	0.000245	-0.033443	-0.062735	0.127467	-0.044214	0.081170	-0.191226	-0.009295	-0.066174	0.014592	0.101650	0.001549	0.116044	0.102011	0.069697	0.042330	0.025272	-0.507830	-0.014961	-0.023607	0.020522	-0.039844	0.065056	0.032947	0.212501	0.142554	0.138981	0.140951	-0.024992	-0.025715	-0.091676	-0.049455	0.061147	0.076722	0.105186	-0.088540	0.153075	0.018582	-0.106185	0.015405	-0.171986	-0.101949	-0.004075	0.015177	-0.081600	0.984242	-0.079503	0.059945	0.073232	0.042157	0.055546	-0.025355	0.067764	-0.024983	-0.157679	-0.112412	-0.023310	0.027413	-0.001299	0.017704	0.029466	0.055776	0.030084	0.047990	-0.027613	0.227272	-0.080575	-0.169681	0.065707	0.019311	0.055713	0.128807	-0.015302	-0.004347	-0.011572	-0.030741	-0.000991	-0.017634	-0.174715	0.087965	0.123117	0.038654	0.031318	-0.094121	0.080911	0.016479	0.052835	0.243629	0.095741	-0.503495	-0.051013	0.125121	-0.019911	-0.034510	-0.047124	0.114125	-0.150832	-0.052305	0.060783	0.378248	0.074542	-0.036269	-0.146023	0.079646	0.045531	-0.048172	-0.151344	0.001438	0.037694	-0.059375	0.009882	-0.070645	-0.075557	0.083463	0.098499	-0.021221	-0.172172	0.070974	0.115945	0.057688	0.084875	-1.869993	0.008719	0.292990	0.060030	-0.233766	0.065256	0.014950	-0.005030	-0.068512	0.143241	-0.002989	0.056757	-0.041908	-0.064111	-0.013579	-0.165515	-0.033112	0.027656	0.082700	-0.034460	0.057921	-0.198252	-0.078914	0.127854
0.000000	-0.081773	0.144947	-0.047991	-0.081032	-0.088409	0.022523	-0.040204	0.038265	0.084530	-1.314127	0.060869	-0.058092	-0.097688	0.164708	0.025769	0.074343	-0.110535	-0.004161	-0.000594	-0.002504	0.025827	0.237988	0.123339	0.041497	-0.198243	-0.066186	0.011047	-0.091035	-0.023352	-0.041812	-0.086518	0.222443	-0.212799	-0.004419	-0.801664	0.136644	-0.064102	0.071281	-0.063915	0.019798	-0.019565	-0.135111	-0.067413	0.084971	0.101330	0.090127	0.182329	0.092069	-0.110521	0.065141	0.035083	-0.102532	0.062236	-0.079150	-0.143947	0.188744	-0.019622	0.152713	0.121197	-0.033501	0.124178	-0.069863	0.165793	0.057893	-0.085606	-0.276355	0.069796	0.031116	-0.023038	-0.029267	0.042134	0.029287	-0.008775	0.080607	-0.026519	0.003242	0.141872	0.106500	-0.178801	-0.047047	-0.148174	-0.029590	0.182287	0.040592	0.091675	0.039863	-0.130120	0.181105	0.028632	0.078199	-0.118778	0.146979	-0.210343	-0.131644	0.005001	0.060443	-0.184725	0.030653	-0.006232	-0.169217	0.037878	0.002413	-0.038291	-0.066131	-0.064433	-0.055244	0.097229	0.092583	-0.187008	0.081746	-0.033813	-0.044222	-0.076381	-0.251681	0.080474	0.080590	-0.155014	0.040243	0.047106	-0.168660	-0.054011	-0.104509	0.078842	0.155376	-0.028371	-0.060548	0.079836	0.161732	0.045025	0.091358	0.087205	0.151901	0.055006	0.026789	-0.073826	0.000783	0.012858	0.001631	-0.024797	0.138886	-0.038105	0.119403	0.013441	0.121914	-0.373565	-0.083569	0.013259	-0.012834	-0.028024	0.036920	0.003751	0.009825	0.113518	-0.004325	0.194424	-0.001533	-0.085614	-0.082052	0.102066	-0.066107	0.079581	-0.122602	-0.002708	-0.065412	-0.010690	0.111652	-0.014317	0.087623	0.081622	0.022810	0.008972	-0.007064	-0.430729	0.008280	-0.053044	-0.039394	-0.105015	0.068133	0.061821	0.146604	0.123112	0.081330	0.145994	-0.060670	-0.043820	-0.069979	0.027161	0.107875	0.113160	0.080067	-0.040181	0.175475	0.029574	-0.090444	0.020756	-0.116381	-0.108656	-0.006293	-0.000115	-0.073659	0.864543	-0.070273	0.080553	0.082521	0.025339	0.009031	0.023037	0.078588	-0.043865	-0.173828	-0.111879	-0.069399	0.090160	0.044175	-0.009929	0.060910	0.075059	0.004424	-0.005500	0.033029	0.231749	-0.012477	-0.144917	0.069383	-0.077159	-0.024725	0.115901	-0.012848	-0.020601	-0.037044	0.013424	-0.002353	-0.015079	-0.177062	0.120262	0.101778	0.067722	0.042127	-0.102460	0.053678	-0.013033	-0.013692	0.144288	0.077816	-0.482111	-0.046632	0.160367	0.043300	-0.030939	-0.138597	0.105761	-0.125398	-0.037611	-0.004893	0.293662	0.067082	-0.078077	-0.079051	0.077599	0.029969	0.004897	-0.139883	0.061335	-0.012287	-0.039363	-0.009193	-0.040680	-0.072555	0.157969	0.115077	-0.044458	-0.122585	0.071144	0.136732	0.050516	0.078410	-1.655901	-0.007977	0.141035	0.005847	-0.149949	-0.016194	0.030853	-0.038750	-0.096703	0.166604	0.003808	0.050934	-0.029903	-0.028922	-0.014951	-0.202813	-0.005910	0.010322	0.098392	-0.096031	0.043650	-0.198601	-0.099085	0.086166
1.000000	-0.113697	0.134393	-0.063254	-0.104671	-0.067054	0.050346	-0.016980	0.030630	0.080579	-1.503065	0.091741	-0.075503	-0.069380	0.119973	-0.008776	0.105300	-0.119815	-0.000739	-0.046366	-0.058144	-0.002976	0.234354	0.144513	0.051474	-0.222259	-0.052176	0.038042	-0.055438	-0.037201	0.028314	-0.004149	0.192613	-0.170032	0.069294	-0.912000	0.084598	-0.029563	0.045947	-0.043353	-0.019633	-0.010514	-0.140004	-0.068850	0.097660	0.088728	0.124416	0.192826	0.136207	-0.072876	0.075264	0.066410	-0.161350	0.022697	-0.086302	-0.122041	0.218141	-0.004661	0.200336	0.102465	0.004685	0.081529	-0.008201	0.191005	0.066609	-0.087524	-0.285038	0.098430	0.020154	-0.011239	-0.023766	0.041119	0.026228	0.011222	0.109869	-0.020905	-0.036002	0.104054	0.139904	-0.127173	-0.065548	-0.150770	0.007408	0.175328	0.028624	0.098452	0.054500	-0.160290	0.169543	0.048403	0.092204	-0.150862	0.162914	-0.192810	-0.154069	0.003547	0.028983	-0.220309	-0.002482	0.018572	-0.256494	0.013100	0.016582	-0.063140	-0.072245	-0.031492	-0.004223	0.129778	0.087894	-0.136409	0.078141	-0.001597	-0.134224	-0.076118	-0.217255	0.083932	0.094963	-0.087110	0.000827	0.052524	-0.177748	-0.056954	-0.113997	0.090870	0.099956	-0.053998	-0.042058	0.063338	0.137548	0.038196	0.071944	0.104586	0.105517	0.075734	0.013550	-0.066296	0.010026	0.010577	-0.052823	-0.026428	0.190267	-0.103573	0.097329	0.001599	0.140462	-0.340080	-0.070762	0.017522	-0.007654	-0.117778	0.015082	0.107629	-0.044814	0.104052	-0.010095	0.244192	-0.013271	-0.095233	-0.049203	0.054863	-0.076588	0.114292	-0.151504	-0.003564	-0.041679	0.007512	0.091898	0.023116	0.089979	0.087471	0.097821	0.033852	0.006844	-0.436953	0.006163	-0.025435	0.022435	-0.076404	0.086248	-0.003204	0.232865	0.097983	0.084261	0.142357	0.002659	-0.040124	-0.030593	-0.105060	0.071899	0.100887	0.123993	-0.045393	0.138415	-0.014071	-0.090726	0.019881	-0.137641	-0.064799	0.018764	0.047475	-0.081121	0.909474	-0.095369	0.061759	0.063310	0.083245	0.018219	-0.023602	0.104288	-0.022939	-0.118189	-0.097405	-0.020176	0.090863	0.031693	0.047039	0.064407	0.074676	0.047071	0.028409	0.030095	0.272307	-0.090210	-0.185636	0.010630	-0.013508	0.017551	0.136593	0.026376	-0.009748	-0.043482	-0.033286	0.043057	-0.010677	-0.139199	0.084661	0.099152	0.046780	0.042464	-0.125820	0.096269	-0.029533	0.063036	0.256543	0.146319	-0.546193	-0.071602	0.170537	0.021497	-0.042999	-0.006027	0.094205	-0.145177	-0.037004	-0.010095	0.311249	0.040681	-0.059245	-0.111558	0.064667	0.097044	-0.013477	-0.128542	0.060128	0.021340	-0.091631	0.029002	-0.070489	-0.071139	0.124767	0.035129	-0.021549	-0.131073	0.071150	0.105870	0.023853	0.058884	-1.911907	0.028001	0.305351	0.026368	-0.229532	0.030010	0.030454	0.017801	-0.055797	0.124121	0.016343	0.099395	-0.023773	-0.056473	-0.002052	-0.210916	0.012316	0.061736	0.093218	0.059187	0.067709	-0.210841	-0.131942	0.036261
0.000000	-0.092616	0.146946	-0.073642	-0.147001	-0.069052	0.037774	-0.008776	0.057622	0.051173	-1.371817	0.050978	-0.059243	-0.122630	0.132793	0.038267	0.027827	-0.160692	-0.024695	-0.032414	-0.044300	-0.002298	0.183406	0.141351	0.029064	-0.203413	-0.071288	0.043593	-0.077671	-0.042394	-0.041774	-0.025569	0.188990	-0.191387	0.036343	-0.888333	0.094343	-0.036835	0.043254	-0.093964	0.027130	0.029420	-0.090773	-0.091973	0.092664	0.064019	0.080892	0.159384	0.096412	-0.119574	0.128136	0.068437	-0.110101	0.060201	-0.033259	-0.054844	0.178900	-0.020067	0.100365	0.131623	-0.016782	0.118280	-0.020551	0.173734	-0.022799	-0.045289	-0.304256	0.055471	0.073679	0.032421	-0.046137	0.054884	0.009956	-0.004856	0.098529	-0.093031	-0.062549	0.129196	0.137509	-0.119944	-0.053572	-0.166370	-0.012450	0.089815	0.026144	0.075825	0.042084	-0.081015	0.100730	0.027220	0.071180	-0.070577	0.172434	-0.176528	-0.145929	-0.014169	0.069554	-0.197975	-0.018890	0.001828	-0.265426	0.035884	-0.033781	-0.073334	-0.089248	-0.104906	-0.011876	0.104480	0.079729	-0.172660	0.086296	-0.050274	-0.174105	-0.084042	-0.216507	0.083828	0.085678	-0.095272	0.033356	0.024257	-0.114686	-0.057835	-0.102263	0.084121	0.080855	-0.014016	-0.009202	0.118335	0.120710	0.075631	0.059611	0.045674	0.162426	0.079969	0.009282	-0.064945	-0.032444	0.009910	-0.060736	-0.020765	0.147684	-0.063983	0.119827	0.021635	0.134563	-0.370429	-0.049682	0.045982	0.048939	-0.036800	-0.010605	0.090819	-0.055156	0.053226	-0.001521	0.193298	-0.009058	-0.094584	-0.042794	0.071007	-0.083075	0.105038	-0.161368	0.016307	-0.033828	0.026502	0.139927	-0.011191	0.111246	0.033280	0.091859	0.073361	0.030242	-0.482504	0.066562	-0.078765	-0.016250	-0.098633	0.028731	0.038785	0.215103	0.096990	0.163032	0.108771	-0.021335	-0.007018	-0.025100	-0.094881	0.095886	0.045276	0.035251	-0.019799	0.114675	0.035071	-0.086105	-0.009791	-0.121653	-0.064875	0.018259	0.009229	-0.012603	0.891025	-0.085903	0.048534	0.067473	0.017986	0.062158	-0.053198	0.079507	-0.020216	-0.211615	-0.060433	-0.062255	0.094146	0.035469	0.035995	0.043237	0.049294	-0.001905	0.011068	0.011814	0.242441	-0.058839	-0.189306	0.045329	-0.034717	0.006079	0.104199	-0.016977	-0.036927	-0.024872	-0.012096	0.026374	-0.065865	-0.151195	0.071541	0.116149	0.081344	0.042758	-0.125293	0.078276	-0.056165	0.027927	0.199761	0.065571	-0.547916	-0.097491	0.150544	0.037424	-0.075489	-0.092435	0.072807	-0.092729	-0.057744	0.000637	0.227365	0.022338	-0.060724	-0.106568	0.057689	0.071004	-0.023934	-0.119693	0.080681	0.047581	-0.025191	-0.034732	-0.031065	-0.015076	0.147247	0.039662	-0.030337	-0.087981	0.060798	0.121297	0.053857	0.075333	-1.779781	-0.003732	0.244682	0.066081	-0.174345	0.034061	0.070419	0.007664	-0.070998	0.181728	-0.029248	0.129001	-0.020206	0.003748	-0.030819	-0.125757	-0.069031	0.033170	0.057047	0.077976	0.052771	-0.236858	-0.092545	0.050623
0.000000	-0.105911	0.097828	-0.069638	-0.063183	-0.105080	0.012499	0.001269	0.021984	0.056199	-1.318985	0.030806	-0.051661	-0.075282	0.107687	-0.010603	0.119394	-0.082810	-0.004409	-0.005763	-0.017286	0.027780	0.162340	0.139550	0.034443	-0.168680	-0.030338	0.088622	-0.052213	-0.038203	-0.078407	-0.037955	0.213158	-0.088714	0.043729	-0.881982	0.127906	-0.068292	0.037325	-0.083858	0.037424	-0.005877	-0.058173	-0.108734	0.113439	0.037145	0.097988	0.251639	0.060046	-0.092652	0.013925	0.073081	-0.135996	-0.016308	-0.032312	-0.136907	0.166341	0.018383	0.160539	0.132731	-0.076490	0.151888	-0.051270	0.115429	-0.013146	-0.125650	-0.341768	0.038399	0.017956	0.046183	-0.048814	0.085223	0.088845	0.029090	0.120028	0.022602	-0.017047	0.049545	0.075065	-0.132514	-0.081102	-0.130406	-0.018212	0.169496	-0.012609	0.021106	0.027549	-0.106673	0.173502	-0.006604	0.062582	-0.065342	0.171208	-0.203720	-0.203090	0.004861	0.025628	-0.180821	-0.007952	-0.005204	-0.226117	0.014086	-0.044615	-0.053299	-0.026568	-0.026701	-0.098811	0.151421	0.104975	-0.123026	0.085080	-0.040260	-0.084082	-0.077442	-0.216146	0.064764	0.041887	-0.146322	0.026633	0.035952	-0.195685	-0.056612	-0.065232	0.133678	0.062745	-0.089379	-0.064193	0.082753	0.089322	0.033469	0.020099	0.080635	0.132136	-0.013448	0.036507	-0.038609	-0.015811	0.017835	-0.060681	-0.022498	0.160269	-0.096611	0.112258	-0.007741	0.103774	-0.401185	-0.078259	-0.051859	0.035438	-0.006558	-0.018588	0.140482	0.053257	0.075304	-0.038870	0.243766	-0.017552	-0.023071	-0.056521	0.056347	-0.109462	0.105781	-0.131738	-0.014520	-0.070141	-0.021368	0.124918	-0.037947	0.096151	0.060634	0.049202	-0.003204	0.062024	-0.380542	0.071600	-0.029068	0.000742	-0.070527	0.091457	0.027849	0.213628	0.068069	0.115225	0.116476	-0.040915	-0.034235	-0.080879	-0.086791	0.136692	0.064269	0.134350	0.060664	0.227166	0.008325	-0.043978	-0.000360	-0.157187	-0.086757	-0.020880	0.012410	-0.079050	0.871314	-0.025712	0.127094	0.109520	0.014220	0.007358	-0.002658	0.036829	-0.031969	-0.199007	-0.076461	-0.141738	0.033886	0.037418	-0.048283	0.043694	0.084847	0.041952	-0.072377	0.067285	0.263560	0.005153	-0.150046	0.060256	-0.066892	-0.062677	0.056398	-0.053715	-0.013922	-0.025867	0.057373	0.103031	-0.028064	-0.152339	0.087968	0.100873	0.053817	0.044979	-0.065405	0.119725	-0.055555	0.027338	0.153610	0.053494	-0.458878	-0.059725	0.212276	0.010459	-0.039090	-0.095181	0.087839	-0.044532	-0.041262	0.023298	0.255951	0.053615	-0.056397	-0.091240	0.099676	0.078836	0.007505	-0.147820	0.016139	0.041290	-0.075933	-0.003174	0.012990	-0.035271	0.114227	0.054123	-0.045670	-0.154432	0.096565	0.095448	0.026356	0.025142	-1.685279	-0.031698	0.152421	0.011909	-0.171491	-0.016996	0.046737	-0.053941	-0.053322	0.169584	-0.002012	0.106942	-0.058539	-0.021131	-0.028626	-0.165894	-0.072067	0.013995	0.099267	0.044174	0.070873	-0.198380	-0.078090	0.093818
0.000000	-0.070161	0.129289	-0.028666	-0.107851	-0.042490	-0.062837	0.010952	0.048204	0.065377	-1.540139	0.083689	-0.069709	-0.060237	0.181948	0.036840	0.148566	-0.118478	0.034998	0.002168	-0.069853	0.003367	0.229704	0.143497	0.036387	-0.230954	-0.063208	0.050650	-0.159782	-0.017633	0.019366	-0.020719	0.216962	-0.163311	0.076127	-0.934463	0.134425	-0.094509	0.034710	-0.061142	0.046174	0.018044	-0.156016	0.002316	0.091804	0.101889	0.071414	0.225251	0.098665	-0.091437	0.072056	0.071121	-0.160877	0.086965	-0.091253	-0.123823	0.197953	0.019838	0.151933	0.145791	-0.026855	0.138074	-0.019991	0.156163	0.069373	-0.094287	-0.354379	0.099785	-0.017971	0.040201	-0.028360	0.118753	0.037696	-0.038414	0.150358	-0.043960	0.013025	0.174742	0.150808	-0.141715	-0.043072	-0.106630	-0.055661	0.188053	0.033837	0.117491	0.046143	-0.143996	0.183094	0.023399	0.069860	-0.155668	0.140154	-0.208753	-0.181934	0.051450	0.052529	-0.217848	0.017626	-0.022388	-0.221019	0.026665	-0.033565	-0.049591	-0.065901	-0.070966	-0.057657	0.047604	0.120641	-0.180126	0.131068	-0.030328	-0.149851	-0.116240	-0.307817	0.135317	0.065234	-0.108355	-0.010049	0.032946	-0.233209	-0.086106	-0.109262	0.090140	0.080311	-0.039399	-0.018952	0.099176	0.150513	0.087206	0.080450	0.115865	0.194051	0.123520	-0.027492	-0.064054	-0.016387	-0.028254	-0.041155	0.002364	0.145605	-0.060728	0.155815	0.022066	0.094721	-0.389941	-0.088955	0.015200	0.044047	-0.130582	0.033279	0.056365	-0.037354	0.050501	-0.034955	0.228678	0.017381	-0.078491	-0.082993	0.122348	-0.076190	0.083288	-0.194146	-0.043363	-0.073308	0.033872	0.096737	-0.003846	0.161172	0.084085	0.096716	-0.004045	0.015477	-0.479923	-0.011424	-0.089033	0.022068	-0.029896	0.102573	0.044355	0.248014	0.121395	0.137389	0.155977	0.018565	-0.005654	-0.102344	-0.103371	0.167646	0.098700	0.100201	-0.071958	0.146730	0.003900	-0.093134	0.052820	-0.151876	-0.114921	0.006736	0.030160	-0.126495	0.929621	-0.076849	0.028025	0.087049	0.032821	0.082035	0.029356	0.044900	-0.060120	-0.106932	-0.119706	-0.034555	0.066854	0.001076	0.012898	0.045863	0.068690	0.016833	0.026688	0.047461	0.276277	-0.081308	-0.189589	0.022254	-0.057939	0.036722	0.118669	-0.042928	0.026323	-0.015357	-0.021498	0.008906	-0.024936	-0.208422	0.096317	0.146327	0.084497	0.025615	-0.059166	0.091141	0.057541	0.038961	0.252250	0.126818	-0.502466	-0.041024	0.209035	-0.013462	-0.064777	-0.014004	0.099764	-0.163792	-0.026473	0.040973	0.379153	0.058948	-0.030107	-0.104990	0.076145	0.040762	-0.048809	-0.080814	0.020806	-0.022398	-0.062613	-0.039739	-0.053060	-0.061231	0.147042	0.111533	-0.017440	-0.142594	0.089249	0.103640	0.060018	0.041179	-1.872269	-0.040715	0.272289	0.068776	-0.216702	0.023896	0.044988	-0.006099	-0.123784	0.096104	-0.008151	0.075512	-0.099581	-0.034623	0.013734	-0.174139	-0.066530	-0.004822	0.109112	0.065195	0.066921	-0.211529	-0.054381	0.085900
1.000000	-0.074689	0.105557	0.018294	-0.109826	-0.080148	0.002122	-0.057409	0.073872	0.113050	-1.395174	0.065792	-0.049540	-0.125497	0.187110	-0.005884	0.102677	-0.215615	0.074965	0.002515	0.085846	0.003647	0.271906	0.082381	0.107397	-0.236767	-0.083084	0.039010	-0.122891	-0.102909	-0.002399	-0.104457	0.242940	-0.272256	0.080497	-0.802670	0.187298	-0.031720	0.121383	-0.063371	0.030734	0.053416	-0.126155	0.017639	0.018906	0.195971	0.134978	0.192613	0.083716	-0.061928	0.049184	0.065728	-0.037838	0.080883	-0.085034	-0.124940	0.099859	-0.049438	0.125199	0.155031	-0.017776	0.092606	-0.031003	0.211897	0.029941	-0.085808	-0.309839	0.076357	0.065678	0.088659	-0.001286	0.044385	0.053709	0.012092	0.113504	-0.084609	-0.007844	0.174428	0.097223	-0.182232	0.014419	-0.127479	-0.051123	0.168763	-0.017517	0.060251	0.027756	-0.104327	0.198307	0.059371	0.076152	-0.123664	0.138371	-0.198101	-0.137431	-0.041903	-0.038599	-0.246638	0.045885	-0.001811	-0.211667	0.020655	0.037725	-0.020376	-0.176153	-0.126908	-0.033933	0.066453	0.144055	-0.234478	0.130772	0.012679	-0.043719	-0.156377	-0.258700	0.095145	0.088344	-0.169827	0.065527	0.088886	-0.218482	-0.083365	-0.176553	0.063599	0.192609	-0.072122	-0.097749	0.105388	0.212598	0.024708	0.126155	0.059269	0.203567	0.048133	0.013531	-0.033979	0.010506	0.032642	-0.023475	-0.025969	0.213309	-0.060103	0.117965	-0.054000	0.094713	-0.302267	-0.070621	0.014840	0.013759	-0.087771	-0.006669	-0.007980	0.006965	0.054394	0.000957	0.191022	-0.022536	-0.057919	-0.050412	0.080088	-0.048336	0.066961	-0.122711	-0.002220	-0.114516	0.040659	0.057653	0.005676	0.146706	0.120906	0.015988	0.027721	0.015413	-0.506585	0.059882	-0.039667	-0.029420	-0.123491	0.013379	0.067322	0.109109	0.128955	0.117250	0.122756	-0.052058	-0.023434	-0.175537	-0.016938	0.095154	0.053194	0.050503	-0.090077	0.177074	0.024560	-0.082697	0.048987	-0.095195	-0.131720	-0.040097	0.037919	0.009944	0.860515	-0.067399	0.123903	0.064366	0.074816	0.057170	-0.012080	0.113703	-0.057291	-0.077251	-0.068469	0.018098	0.061852	0.063638	0.027100	0.080934	0.132064	-0.039195	-0.007563	0.003388	0.182659	-0.073586	-0.218682	0.043980	-0.069258	-0.021722	0.134295	0.052630	-0.017158	-0.073522	-0.028018	0.060518	-0.102804	-0.106169	0.116937	0.143744	0.096904	0.029785	-0.181344	0.067756	0.014926	0.015331	0.199008	0.058413	-0.574699	-0.098978	0.204855	0.034650	-0.066004	-0.191800	0.069952	-0.168580	-0.029223	-0.058456	0.340633	0.104214	-0.055732	-0.121276	0.043824	0.101344	-0.024453	-0.129250	0.058198	0.036482	-0.019904	-0.024444	-0.145621	-0.093656	0.149424	0.078883	-0.064002	-0.166012	0.056966	0.192106	0.031620	0.061745	-1.747642	-0.045256	0.213787	0.028595	-0.225641	-0.007089	0.041300	-0.026101	-0.045523	0.165230	-0.029128	0.105464	0.060730	-0.020435	0.015921	-0.184752	-0.020562	0.061716	0.133291	-0.020408	0.081484	-0.131841	-0.065630	0.072048
1.000000	-0.123156	0.120176	-0.000765	-0.103704	-0.056489	0.049269	-0.008837	0.069448	0.028913	-1.650128	0.108112	-0.064037	-0.061032	0.164657	0.029548	0.036806	-0.213513	-0.005176	0.027204	-0.013084	0.076982	0.312598	0.125837	0.090890	-0.184452	-0.010067	-0.018447	-0.131489	-0.017032	0.031344	0.054974	0.294146	-0.303910	-0.021212	-0.899485	0.170163	-0.094624	-0.085770	-0.137914	-0.007652	-0.009945	-0.138194	-0.133001	0.078182	0.059875	0.082696	0.246899	0.136767	-0.053775	0.075746	0.075313	-0.134218	0.035638	-0.086858	-0.129942	0.262452	-0.003248	0.170643	0.188818	0.017437	0.137850	-0.046229	0.228884	0.137963	-0.090282	-0.253640	-0.005440	0.026339	0.001354	0.015497	0.012361	0.048983	0.007481	0.137561	-0.099402	-0.075011	0.144355	0.145481	-0.212477	-0.028801	-0.155365	-0.005176	0.188430	-0.027646	0.097105	0.086021	-0.124835	0.210841	0.051313	0.102779	-0.169190	0.219533	-0.186177	-0.269075	0.003154	0.055111	-0.251799	-0.015271	0.022697	-0.292824	0.015088	0.023053	-0.098757	-0.073333	-0.079830	-0.014279	0.209783	0.086637	-0.151060	0.146644	-0.032863	-0.148846	-0.110801	-0.218973	0.096079	0.060686	-0.027553	0.005396	0.030595	-0.187172	-0.063634	-0.104820	0.138125	0.091979	0.036273	-0.092177	0.114843	0.121331	0.044640	0.056021	0.151498	0.075929	0.090726	-0.005220	-0.085692	0.009099	-0.058652	-0.038054	-0.014600	0.165949	-0.085227	0.182056	0.020852	0.067830	-0.386296	-0.145952	0.008333	0.053082	-0.103349	0.064489	-0.017091	-0.063800	0.105861	-0.051818	0.255220	-0.031679	-0.033821	-0.009980	0.096935	-0.028555	0.139918	-0.213453	-0.001361	-0.129490	-0.012422	0.099751	0.017713	0.096485	0.018894	0.079431	0.046565	0.010585	-0.489012	-0.027637	0.005669	0.037384	-0.114985	-0.000582	0.010437	0.142346	0.039348	0.062106	0.142238	-0.034044	0.005718	-0.040426	-0.002924	0.025425	0.031397	0.163061	-0.050680	0.152510	0.061348	-0.040092	-0.092544	-0.141289	-0.065419	-0.045124	0.026022	-0.126928	1.067219	-0.124279	0.071051	0.016002	0.072667	0.042685	0.011217	0.039387	0.001300	-0.162652	-0.178184	-0.043670	0.092250	-0.059497	-0.030342	0.063658	0.034454	0.077977	-0.013135	-0.016914	0.176845	-0.038797	-0.162114	0.075899	0.129174	-0.028475	0.160655	0.045781	-0.026086	0.018814	-0.011962	0.030006	0.065699	-0.152045	0.056309	0.118911	0.034453	0.014536	-0.072113	0.097196	0.009176	0.030432	0.259102	0.072718	-0.585975	-0.096728	0.108841	0.092814	-0.028015	-0.080975	0.109736	-0.090999	-0.096426	0.036976	0.213409	0.014109	-0.025626	-0.156235	0.095721	-0.015162	-0.004564	-0.119352	0.037455	0.006383	-0.060765	0.019727	0.013197	-0.037317	0.189918	0.071005	0.003584	-0.134008	0.093385	0.137440	0.084938	0.110059	-1.845087	-0.024803	0.284788	0.068872	-0.166104	-0.041557	0.005868	-0.008848	-0.097498	0.114290	0.021260	0.064726	-0.041656	0.004510	0.034988	-0.158011	-0.012733	0.056758	0.057309	-0.037120	0.047015	-0.213619	-0.080838	0.078711
1.000000	-0.093706	0.118462	-0.011481	-0.107186	-0.060104	0.032811	-0.036652	0.045049	0.046999	-1.497102	0.102000	-0.077245	-0.106794	0.199660	-0.007872	0.067418	-0.171748	0.003695	0.022319	0.020567	0.067191	0.293988	0.153754	0.060941	-0.227650	-0.056317	0.055003	-0.099290	-0.028187	-0.028489	-0.060748	0.255683	-0.253503	-0.046138	-0.920705	0.187518	-0.048087	-0.003053	-0.083418	0.002143	0.037815	-0.164403	-0.050916	0.070408	0.083152	0.093711	0.232497	0.106154	-0.091082	0.074353	0.092823	-0.160499	0.050314	-0.049657	-0.141972	0.228865	-0.028674	0.145952	0.174899	-0.005984	0.207186	-0.029428	0.172335	0.099178	-0.100942	-0.280190	0.070230	0.040921	0.053318	-0.002957	0.047318	0.033648	0.014079	0.149723	-0.045633	-0.055662	0.132229	0.136090	-0.186309	-0.065464	-0.160371	-0.007194	0.193957	-0.045075	0.089236	0.080506	-0.120782	0.224136	0.015517	0.061593	-0.192798	0.221679	-0.216386	-0.217486	0.016641	0.044341	-0.236314	0.010733	-0.020677	-0.234052	0.008345	-0.030670	-0.069733	-0.092353	-0.103570	-0.031239	0.094997	0.117353	-0.167874	0.132106	0.001780	-0.119354	-0.101020	-0.268885	0.131869	0.110923	-0.130200	0.041496	0.063339	-0.195432	-0.052127	-0.133443	0.141163	0.144059	-0.026802	-0.096747	0.118203	0.194503	0.025682	0.076945	0.111495	0.103275	0.055148	0.014952	-0.074755	-0.030328	-0.041792	-0.050281	-0.038074	0.172101	-0.066534	0.147923	0.026285	0.089848	-0.346151	-0.080768	-0.022730	0.027334	-0.077228	0.023563	-0.048916	-0.041542	0.077570	-0.038425	0.187332	-0.034794	-0.040956	-0.045848	0.085571	-0.077114	0.097864	-0.168428	-0.009358	-0.062881	-0.006179	0.086696	-0.016766	0.135606	0.058887	0.032741	0.047461	0.021424	-0.528842	0.009137	-0.032390	0.003566	-0.072406	0.047545	0.043958	0.164054	0.099625	0.057971	0.188176	-0.056262	-0.021641	-0.079825	-0.016849	0.101728	0.067250	0.098707	-0.041488	0.168321	0.065668	-0.039700	0.022857	-0.142025	-0.080814	-0.010923	0.030106	-0.095319	0.998150	-0.107662	0.106880	0.044650	0.047028	0.019299	0.037464	0.083042	-0.028587	-0.196836	-0.112062	-0.034804	0.103909	-0.002388	-0.009103	0.070639	0.115107	0.024148	-0.041980	0.001543	0.180117	-0.006877	-0.168117	0.069906	0.007619	-0.045206	0.126657	0.033856	-0.041932	-0.017973	0.004095	0.054106	0.006569	-0.156484	0.102998	0.117584	0.072927	0.018967	-0.123163	0.097243	0.005067	0.035678	0.238957	0.090798	-0.544548	-0.060674	0.108672	0.073373	-0.057158	-0.103204	0.149344	-0.131936	-0.093474	0.045932	0.269944	0.069612	-0.039568	-0.126224	0.038576	0.011864	-0.008106	-0.167418	0.029857	0.043019	-0.047936	-0.004031	-0.048922	-0.031066	0.142872	0.114856	-0.001405	-0.148818	0.092114	0.142509	0.045001	0.125707	-1.775838	-0.029666	0.235319	0.002041	-0.147577	0.016752	0.012491	0.024287	-0.053753	0.144373	0.002637	0.089953	-0.018772	-0.054822	0.002146	-0.198023	-0.024744	0.031531	0.080648	-0.084418	0.056289	-0.202136	-0.056777	0.094376
1.000000	-0.106964	0.134672	-0.002519	-0.176925	-0.016491	0.040248	-0.017604	0.010108	0.055012	-1.363915	0.090969	-0.045022	-0.105260	0.189706	0.000834	0.100868	-0.171135	0.023263	-0.025593	-0.002168	0.002271	0.219669	0.102019	0.104521	-0.232625	-0.066962	0.010648	-0.104282	-0.068553	0.034981	-0.033669	0.232693	-0.199643	0.077455	-0.844584	0.121564	-0.025902	0.020047	-0.048233	0.010724	0.012559	-0.119291	0.030785	0.044579	0.067000	0.127483	0.192556	0.144377	-0.078798	0.096253	0.077714	-0.118231	0.073474	-0.064762	-0.134388	0.144458	-0.034920	0.154985	0.165542	0.011788	0.130119	-0.062363	0.195797	0.019065	-0.113477	-0.268340	0.084629	0.015860	0.031327	-0.051943	0.058883	0.016334	0.017414	0.072571	-0.091919	-0.026209	0.115532	0.155619	-0.169518	-0.051896	-0.135355	0.025456	0.179514	0.006862	0.128642	0.020797	-0.112561	0.143846	0.024208	0.049879	-0.111046	0.148403	-0.171452	-0.116800	-0.005801	0.029194	-0.131551	-0.047806	-0.033433	-0.184969	-0.020721	-0.028398	-0.017808	-0.080502	-0.078559	-0.010421	0.064729	0.120266	-0.138487	0.081608	-0.012053	-0.069651	-0.078045	-0.242832	0.096835	0.043122	-0.132513	0.011506	0.034782	-0.130896	-0.070024	-0.029221	0.116501	0.109858	-0.039557	-0.079075	0.060912	0.167019	0.025708	0.061356	0.096817	0.149409	0.072331	0.010255	-0.090510	-0.004116	0.006536	-0.043011	-0.037916	0.167880	-0.049427	0.130104	0.057692	0.066751	-0.274528	-0.045602	0.053734	0.009504	-0.132824	-0.016866	0.062635	-0.036392	0.055125	-0.015987	0.191433	-0.038357	-0.078411	-0.065457	0.083504	-0.093153	0.115004	-0.151437	0.039576	-0.061178	-0.002062	0.061226	-0.012353	0.074793	0.104295	0.070263	0.049935	-0.013835	-0.479699	0.027497	-0.028764	0.006075	-0.040254	0.027661	0.029353	0.171594	0.114329	0.078321	0.136871	-0.038246	0.001468	-0.094183	-0.066870	0.083567	0.035769	0.071709	-0.075938	0.187289	-0.001244	-0.086809	0.013516	-0.123209	-0.131599	-0.003830	-0.012161	-0.056788	0.871826	-0.083298	0.035035	0.042781	0.086211	0.053803	0.003599	0.103406	-0.015608	-0.112885	-0.026319	-0.021529	0.041127	0.022010	0.055516	0.082901	0.050196	0.008769	0.022072	0.047012	0.225853	-0.096326	-0.173465	0.004618	-0.049493	0.045622	0.078650	0.014928	-0.007863	-0.047878	-0.029388	0.028870	0.001905	-0.130838	0.111918	0.137307	0.059720	0.048704	-0.161071	0.121169	-0.043469	0.099244	0.195820	0.120562	-0.550519	-0.039035	0.144594	0.016049	-0.026796	-0.073228	0.123483	-0.169108	-0.024787	0.003118	0.339820	0.037413	-0.085004	-0.128585	0.072336	0.061312	-0.073042	-0.120593	0.055486	0.021781	-0.109136	-0.009763	-0.078842	-0.042489	0.140222	0.064356	-0.055060	-0.154213	0.057258	0.120945	0.053751	0.071058	-1.755270	0.039792	0.215839	0.035784	-0.215065	0.037649	0.053355	0.008064	-0.009115	0.188342	-0.037851	0.107293	0.025616	-0.029955	0.012437	-0.159748	-0.001052	0.017108	0.106874	-0.008914	0.078787	-0.187387	-0.070529	0.045388
1.000000	-0.101480	0.167556	-0.023895	-0.107324	-0.032247	0.023865	-0.056689	0.009390	0.075579	-1.393516	0.082418	-0.044332	-0.104950	0.128224	-0.016944	0.081293	-0.137121	-0.002119	-0.000413	0.035875	0.001250	0.212344	0.090833	0.048237	-0.208537	-0.050879	0.027931	-0.116550	-0.079057	-0.019755	-0.037441	0.216875	-0.179612	0.043226	-0.865580	0.119888	-0.033447	0.009276	-0.016091	0.045780	0.002813	-0.159457	-0.032861	0.069298	0.129517	0.122176	0.188457	0.111796	-0.122558	0.095791	0.043707	-0.113844	0.077888	-0.071025	-0.082220	0.141828	-0.007539	0.155033	0.146591	-0.007614	0.180015	-0.007515	0.168962	0.088522	-0.079384	-0.273540	0.126816	0.026929	0.027252	-0.042712	0.065349	0.052414	0.009571	0.111603	-0.066167	-0.000959	0.164475	0.134443	-0.196878	-0.038043	-0.131641	-0.057133	0.161910	0.032616	0.092849	0.021435	-0.148112	0.175208	0.041726	0.101795	-0.132260	0.149073	-0.219716	-0.149635	-0.035976	0.073799	-0.206937	0.019296	-0.054668	-0.246432	0.003663	0.038783	-0.003537	-0.113942	-0.090067	-0.005458	0.103262	0.128779	-0.182580	0.124095	0.001332	-0.078537	-0.113661	-0.235354	0.070609	0.100050	-0.140582	0.069002	0.073192	-0.185135	-0.040870	-0.154301	0.095884	0.114882	-0.017067	-0.079130	0.072507	0.137099	0.042774	0.098296	0.069129	0.162884	0.043521	0.001126	-0.055455	-0.000712	0.014276	0.023992	-0.026062	0.161964	-0.056561	0.139401	0.021530	0.112433	-0.341049	-0.078332	-0.032281	-0.005422	-0.105907	-0.001963	0.043168	-0.004371	0.055743	0.037238	0.233021	-0.058060	-0.070968	-0.044108	0.046900	-0.050145	0.093845	-0.163506	-0.031377	-0.051485	0.018369	0.097971	-0.022489	0.092960	0.054822	0.053240	0.023293	-0.003207	-0.467069	0.003914	-0.081741	-0.003810	-0.101678	0.061172	0.062251	0.222890	0.136477	0.121307	0.151204	-0.075619	0.005766	-0.109619	-0.065024	0.075249	0.076929	0.102930	-0.033737	0.187355	0.039223	-0.089808	0.033697	-0.144550	-0.103954	0.006802	0.026294	-0.061096	0.922180	-0.087088	0.093612	0.064672	0.062085	0.011251	-0.068239	0.095629	-0.055571	-0.081059	-0.046227	0.000611	0.069674	0.027563	0.063453	0.115172	0.087581	-0.002570	0.020060	0.015056	0.243099	-0.038213	-0.190954	0.027073	-0.020330	-0.000592	0.094809	0.035820	-0.030481	-0.044920	-0.003278	-0.005856	-0.016401	-0.157045	0.152279	0.134146	0.087926	0.079415	-0.130120	0.059672	-0.003612	0.018344	0.219743	0.066221	-0.529883	-0.078447	0.176446	0.039774	-0.026448	-0.106684	0.071231	-0.106884	-0.056130	-0.023247	0.253386	0.054617	-0.044256	-0.121085	0.049481	0.066175	-0.041688	-0.110220	0.068866	0.032947	-0.052219	-0.008032	-0.055651	-0.062533	0.143939	0.047052	-0.100649	-0.158701	0.065047	0.157394	0.037638	0.082721	-1.770117	-0.022294	0.199709	0.062699	-0.187574	0.021008	0.031417	-0.028203	-0.033276	0.149557	-0.046702	0.077588	-0.012425	-0.029853	-0.011217	-0.180500	0.001105	0.015080	0.076039	0.004420	0.088140	-0.253900	-0.091539	0.070949
0.000000	-0.102595	0.113186	-0.084238	-0.098182	-0.022755	-0.021414	-0.007653	0.033359	0.043234	-1.610986	0.083203	-0.055927	-0.055867	0.113313	0.035855	0.035677	-0.128058	-0.055079	0.030655	-0.055985	0.053153	0.253504	0.189217	0.006854	-0.240181	-0.000278	0.031046	-0.145395	-0.021867	0.075069	0.072338	0.217222	-0.136542	-0.030783	-0.961684	0.045481	-0.080935	0.011859	-0.037058	-0.032195	0.007381	-0.193461	-0.103739	0.060856	0.053444	0.122038	0.174662	0.115289	-0.088918	0.092254	0.082007	-0.131794	0.067075	-0.034916	-0.156990	0.197854	0.018538	0.201428	0.175606	-0.030263	0.173713	0.011612	0.180555	0.126552	-0.051645	-0.318957	0.121412	0.049620	0.037646	-0.019591	0.044812	-0.036733	0.013840	0.157853	0.009636	-0.015766	0.095084	0.149396	-0.163543	-0.072829	-0.111659	0.002154	0.239286	0.016602	0.087909	0.129449	-0.134458	0.169041	0.043804	0.132722	-0.201513	0.160150	-0.240042	-0.181174	0.020221	0.039960	-0.227256	-0.047747	0.037459	-0.241418	0.046942	-0.047662	-0.066384	-0.019331	-0.033352	0.027819	0.097351	0.088754	-0.181241	0.165513	-0.081828	-0.152198	-0.078279	-0.224813	0.108848	0.109336	-0.122942	-0.048486	0.029483	-0.215496	-0.033033	-0.116651	0.106974	0.131263	0.027733	-0.083104	0.048690	0.124114	0.064994	0.070166	0.122298	0.070107	0.135227	-0.021803	-0.055819	0.025269	-0.004340	-0.032248	0.022888	0.144653	-0.089242	0.104247	0.084593	0.155684	-0.325331	-0.095201	0.011163	0.031440	-0.100016	0.023245	-0.010614	-0.066814	0.108075	0.021165	0.182580	0.039490	0.005026	-0.054388	0.114212	-0.105859	0.101165	-0.190646	-0.005117	-0.044529	-0.026032	0.112270	-0.051300	0.093401	0.022422	0.088691	0.021944	0.025120	-0.511292	-0.030148	-0.022199	-0.011298	-0.069007	0.087898	0.041721	0.274297	0.088042	0.142706	0.149018	-0.025017	-0.063241	-0.007663	-0.091148	0.127615	0.079458	0.081338	-0.127421	0.096111	0.095818	-0.115252	0.012776	-0.173976	-0.054272	-0.001756	0.067239	-0.159667	0.958334	-0.090059	0.059138	0.078456	0.079087	0.019501	-0.000158	0.104934	-0.034103	-0.156158	-0.134544	-0.020477	0.105920	-0.003846	-0.018211	0.008517	0.016228	0.109748	0.011727	0.001325	0.192854	-0.059086	-0.126576	0.069763	0.064401	0.023271	0.141876	0.025048	0.020458	-0.034380	-0.070501	-0.010258	0.023274	-0.201569	0.002383	0.106896	0.045204	0.080578	-0.073537	0.072329	0.041281	0.048709	0.244456	0.084873	-0.515225	-0.055695	0.086805	-0.008101	-0.020812	-0.014665	0.114908	-0.124392	-0.054954	0.092943	0.359978	0.046754	-0.035282	-0.058144	0.090409	-0.045638	-0.062055	-0.093612	0.040764	0.048479	-0.086971	0.020607	-0.056480	-0.106746	0.102725	0.110190	0.044066	-0.084416	0.073919	0.033441	0.061076	0.077473	-1.913798	-0.034498	0.344639	0.069165	-0.185005	0.056607	0.061669	0.051978	-0.118891	0.095574	0.006596	0.109762	-0.037652	-0.089785	-0.012501	-0.162354	0.018361	0.029695	0.159515	-0.047319	0.025004	-0.233222	-0.065825	0.080733
1.000000	-0.055609	0.077645	-0.059035	-0.116237	-0.028827	0.020100	-0.076502	0.035216	0.072706	-1.400846	0.125620	-0.039518	-0.053067	0.108647	-0.011326	0.090088	-0.160698	0.010625	-0.005448	-0.051436	0.046490	0.208786	0.089221	0.049712	-0.177829	-0.105517	0.094585	-0.100162	-0.028149	0.012613	-0.106852	0.228793	-0.128363	0.103141	-1.016347	0.098282	-0.054744	0.027342	-0.092281	-0.000116	-0.000260	-0.123380	-0.040596	0.004826	0.062603	0.133535	0.150256	0.101493	-0.071236	0.031791	0.033049	-0.100605	-0.003448	-0.062062	-0.141811	0.126422	-0.027796	0.111360	0.106146	-0.036146	0.083612	-0.021623	0.128203	0.032373	-0.092925	-0.308742	0.085505	0.008079	0.107451	-0.073439	0.010879	-0.009944	-0.010297	0.150368	-0.022979	-0.060298	0.083234	0.106566	-0.157740	-0.035242	-0.088006	0.013820	0.176871	0.000799	0.086957	0.075464	-0.102964	0.158614	0.035048	0.035134	-0.092245	0.154066	-0.165424	-0.248560	-0.014368	0.012146	-0.179676	0.006549	-0.014392	-0.249396	0.042835	-0.010404	-0.053083	-0.032265	-0.041728	-0.034641	0.082626	0.113515	-0.158607	0.038147	-0.061959	-0.084869	-0.094204	-0.212011	0.106336	0.059684	-0.056993	0.000720	0.111043	-0.211711	-0.086638	-0.102089	0.089888	0.053849	0.014327	-0.092924	0.054024	0.094133	0.069900	0.022601	0.111084	0.184674	0.051652	0.006351	-0.072101	0.017922	0.043387	-0.117746	0.032527	0.197269	-0.036203	0.126508	0.057023	0.115084	-0.376412	-0.053068	0.001255	0.005897	-0.082866	0.032084	0.078665	-0.081580	0.033310	-0.007595	0.177967	-0.020483	-0.121540	-0.036449	0.065390	-0.045273	0.075256	-0.176639	0.028779	-0.112978	0.005976	0.062726	-0.010714	0.105995	0.102312	0.061378	0.045036	0.005112	-0.500408	0.008098	-0.028373	0.014319	-0.025083	0.042224	0.013427	0.251752	0.115625	0.075048	0.139737	-0.030685	0.002814	-0.070603	-0.126914	0.095821	0.024702	0.072329	-0.060756	0.149429	0.044973	-0.048014	-0.049815	-0.128102	-0.094137	0.009029	0.090651	-0.100647	0.994465	-0.070748	0.090764	0.025518	0.041001	0.041191	-0.043148	0.033422	-0.091767	-0.160833	-0.111431	-0.103503	0.061911	0.015934	0.046134	0.056557	-0.008408	0.035450	0.020189	0.008844	0.206427	-0.047187	-0.212238	0.126314	0.000352	0.057424	0.087255	0.009940	0.049935	-0.018673	0.004570	0.039412	-0.002219	-0.169990	0.035663	0.087419	0.059069	0.063088	-0.041780	0.090147	0.050786	0.030286	0.189645	0.064537	-0.467817	-0.069599	0.130466	-0.028171	-0.055745	-0.075852	0.066454	-0.126553	-0.033745	0.030163	0.330374	0.044972	-0.031859	-0.113763	0.082111	0.066768	-0.051047	-0.157789	-0.049984	0.106395	-0.054827	0.033517	-0.035771	-0.098235	0.108430	0.049136	-0.022908	-0.128999	0.050263	0.100937	0.079203	0.000890	-1.672185	-0.008935	0.253422	0.027227	-0.185449	0.072888	0.089283	0.048465	-0.032358	0.091111	-0.042248	0.079779	-0.040336	-0.041966	0.026529	-0.094220	-0.059756	0.029984	0.133582	0.089655	0.041444	-0.186533	-0.072614	0.059565
